BE,counts/s
1300.0,16230.813
1299.0,16100.74
1298.0,16607.548
1297.0,16455.755
1296.0,16344.363
1295.0,16303.519
1294.0,16030.159
1293.0,16643.863
1292.0,16652.822
1291.0,16218.891
1290.0,16625.857
1289.0,16822.459
1288.0,16908.868
1287.0,16801.044
1286.0,16499.017
1285.0,16895.324
1284.0,16586.355
1283.0,16606.413
1282.0,16721.26
1281.0,16718.439
1280.0,17130.441
1279.0,16379.147
1278.0,16558.283
1277.0,16353.73
1276.0,16527.583
1275.0,16877.381
1274.0,16811.765
1273.0,16361.757
1272.0,17189.725
1271.0,16794.549
1270.0,17275.138
1269.0,17249.575
1268.0,17000.879
1267.0,16495.399
1266.0,16918.27
1265.0,16986.729
1264.0,17157.016
1263.0,16882.859
1262.0,17137.146
1261.0,17416.62
1260.0,17233.577
1259.0,17120.692
1258.0,17349.06
1257.0,17155.297
1256.0,17409.766
1255.0,17496.25
1254.0,17374.83
1253.0,17168.946
1252.0,17354.435
1251.0,17843.697
1250.0,17405.381
1249.0,17788.356
1248.0,18278.381
1247.0,17979.622
1246.0,18043.05
1245.0,17895.215
1244.0,17942.246
1243.0,17919.27
1242.0,18451.783
1241.0,18427.91
1240.0,18607.153
1239.0,18069.993
1238.0,18391.363
1237.0,17696.78
1236.0,18483.45
1235.0,18162.571
1234.0,17985.409
1233.0,17980.674
1232.0,18633.513
1231.0,19759.961
1230.0,19838.388
1229.0,20110.372
1228.0,19432.997
1227.0,19319.433
1226.0,19659.006
1225.0,18975.835
1224.0,18021.724
1223.0,18393.936
1222.0,17920.179
1221.0,17348.051
1220.0,17514.026
1219.0,16799.136
1218.0,16833.122
1217.0,16458.797
1216.0,16422.944
1215.0,15924.28
1214.0,15232.863
1213.0,14997.887
1212.0,15118.995
1211.0,15664.122
1210.0,15272.026
1209.0,14845.231
1208.0,15201.631
1207.0,15012.646
1206.0,15204.745
1205.0,15193.268
1204.0,15153.515
1203.0,15262.949
1202.0,15227.886
1201.0,15420.427
1200.0,15616.752
1199.0,16035.287
1198.0,15293.401
1197.0,15526.389
1196.0,15899.797
1195.0,15441.633
1194.0,15070.746
1193.0,15356.586
1192.0,15134.035
1191.0,15228.549
1190.0,15570.331
1189.0,15091.762
1188.0,15088.866
1187.0,15049.393
1186.0,14936.121
1185.0,15287.567
1184.0,15215.145
1183.0,14932.635
1182.0,15222.616
1181.0,14939.551
1180.0,14902.723
1179.0,15664.509
1178.0,15376.348
1177.0,15688.76
1176.0,15346.956
1175.0,15139.203
1174.0,15444.094
1173.0,15841.057
1172.0,15997.375
1171.0,15616.153
1170.0,15459.447
1169.0,15013.422
1168.0,15479.764
1167.0,14959.079
1166.0,15348.071
1165.0,16047.24
1164.0,15686.208
1163.0,15917.707
1162.0,15931.63
1161.0,15679.385
1160.0,15574.137
1159.0,15679.641
1158.0,15183.496
1157.0,15182.948
1156.0,15797.326
1155.0,15357.206
1154.0,15311.115
1153.0,15776.529
1152.0,15695.924
1151.0,15547.653
1150.0,15770.474
1149.0,15436.323
1148.0,15873.714
1147.0,15740.94
1146.0,16150.535
1145.0,16277.724
1144.0,15394.214
1143.0,16109.254
1142.0,16191.564
1141.0,15642.452
1140.0,15903.294
1139.0,15735.613
1138.0,15700.262
1137.0,16334.172
1136.0,16057.651
1135.0,15453.247
1134.0,15741.469
1133.0,15940.924
1132.0,15925.186
1131.0,15551.58
1130.0,15687.463
1129.0,16095.858
1128.0,15974.095
1127.0,15610.314
1126.0,15582.157
1125.0,15509.209
1124.0,15867.321
1123.0,15897.31
1122.0,15876.249
1121.0,15966.892
1120.0,15565.717
1119.0,16347.765
1118.0,16395.899
1117.0,16120.889
1116.0,15827.882
1115.0,16358.475
1114.0,16402.06
1113.0,15498.619
1112.0,15911.615
1111.0,15839.589
1110.0,16243.101
1109.0,15843.99
1108.0,15926.86
1107.0,15635.221
1106.0,15281.354
1105.0,15570.397
1104.0,16161.102
1103.0,15531.1
1102.0,15482.504
1101.0,16023.941
1100.0,16303.895
1099.0,15864.47
1098.0,16198.246
1097.0,15948.735
1096.0,15982.391
1095.0,16316.957
1094.0,16017.465
1093.0,15944.245
1092.0,16345.947
1091.0,16352.959
1090.0,15962.32
1089.0,15980.755
1088.0,16200.882
1087.0,16141.81
1086.0,15866.611
1085.0,16023.816
1084.0,16070.108
1083.0,16414.245
1082.0,16041.297
1081.0,15741.527
1080.0,16232.33
1079.0,15980.002
1078.0,16136.751
1077.0,16401.531
1076.0,16226.179
1075.0,15979.535
1074.0,16776.677
1073.0,17053.976
1072.0,17321.449
1071.0,16082.002
1070.0,15705.14
1069.0,16408.33
1068.0,16243.311
1067.0,15784.974
1066.0,16416.969
1065.0,16545.655
1064.0,16585.8
1063.0,16541.505
1062.0,16140.733
1061.0,16232.991
1060.0,16321.569
1059.0,16214.118
1058.0,16334.011
1057.0,16252.059
1056.0,16441.212
1055.0,16328.634
1054.0,16104.765
1053.0,15962.135
1052.0,15978.343
1051.0,16144.525
1050.0,16340.55
1049.0,16554.719
1048.0,16422.358
1047.0,16530.87
1046.0,16533.87
1045.0,16943.241
1044.0,16427.849
1043.0,16222.262
1042.0,16367.404
1041.0,16085.499
1040.0,16410.032
1039.0,16355.797
1038.0,16642.164
1037.0,16726.765
1036.0,16819.445
1035.0,16587.276
1034.0,16488.018
1033.0,16398.032
1032.0,16486.388
1031.0,16329.432
1030.0,16796.034
1029.0,16011.147
1028.0,16278.634
1027.0,16237.481
1026.0,16453.995
1025.0,16621.883
1024.0,16476.38
1023.0,16952.617
1022.0,16511.945
1021.0,16355.847
1020.0,16679.692
1019.0,16777.467
1018.0,16371.751
1017.0,16594.37
1016.0,16681.858
1015.0,16495.076
1014.0,16451.355
1013.0,16063.88
1012.0,15415.314
1011.0,15814.483
1010.0,15573.806
1009.0,16069.592
1008.0,16025.149
1007.0,16028.223
1006.0,16097.053
1005.0,16826.741
1004.0,17077.816
1003.0,17195.704
1002.0,17035.652
1001.0,16644.51
1000.0,16249.766
999.0,16241.922
998.0,16160.452
997.0,15717.218
996.0,15322.619
995.0,15133.53
994.0,14648.879
993.0,14196.62
992.0,13525.203
991.0,13559.293
990.0,13430.675
989.0,13504.149
988.0,13359.918
987.0,13272.466
986.0,13530.198
985.0,14298.922
984.0,15770.116
983.0,16368.736
982.0,17269.129
981.0,18116.86
980.0,18700.72
979.0,17027.763
978.0,15536.783
977.0,14337.755
976.0,13347.364
975.0,12635.358
974.0,12163.668
973.0,11832.756
972.0,11441.579
971.0,11629.602
970.0,10495.074
969.0,10097.351
968.0,9748.9715
967.0,9596.0277
966.0,9263.107
965.0,9178.5437
964.0,9660.5902
963.0,9509.0183
962.0,9301.3818
961.0,9468.7733
960.0,9671.3019
959.0,9776.5949
958.0,9597.5324
957.0,9222.789
956.0,9448.2026
955.0,9546.2647
954.0,9697.6507
953.0,9185.992
952.0,9011.1399
951.0,9322.8673
950.0,9339.6792
949.0,9516.341
948.0,9398.3591
947.0,9590.5188
946.0,9573.6338
945.0,9926.9842
944.0,9675.611
943.0,9653.1285
942.0,9761.4701
941.0,9812.0966
940.0,9737.1713
939.0,9960.3764
938.0,10001.114
937.0,10273.02
936.0,9707.072
935.0,9661.795
934.0,9483.3591
933.0,9844.6711
932.0,9898.0407
931.0,9938.7932
930.0,9584.106
929.0,9782.7599
928.0,10129.178
927.0,10170.646
926.0,9961.9474
925.0,9841.7315
924.0,10278.549
923.0,10204.773
922.0,10057.531
921.0,10330.366
920.0,10268.223
919.0,10114.971
918.0,10303.574
917.0,10067.556
916.0,9987.9207
915.0,10486.041
914.0,10572.713
913.0,10053.635
912.0,9732.5099
911.0,10180.558
910.0,10194.891
909.0,10302.955
908.0,10211.948
907.0,10382.851
906.0,10314.617
905.0,10504.929
904.0,10185.691
903.0,10471.384
902.0,10299.656
901.0,10170.518
900.0,10284.685
899.0,10729.412
898.0,10335.649
897.0,10867.197
896.0,10289.777
895.0,10559.471
894.0,10272.239
893.0,10800.773
892.0,11041.021
891.0,10615.042
890.0,10671.511
889.0,10940.398
888.0,10875.486
887.0,11115.506
886.0,11144.078
885.0,11039.512
884.0,10989.957
883.0,11027.808
882.0,10967.498
881.0,10951.035
880.0,10720.759
879.0,11161.502
878.0,10455.524
877.0,10931.358
876.0,11147.321
875.0,11115.333
874.0,11126.63
873.0,10929.274
872.0,11449.414
871.0,11220.798
870.0,11153.983
869.0,11326.071
868.0,11236.38
867.0,11211.7
866.0,11228.375
865.0,11555.325
864.0,11483.409
863.0,11399.902
862.0,11685.026
861.0,11355.132
860.0,10966.987
859.0,11343.887
858.0,11447.846
857.0,11673.648
856.0,11597.028
855.0,11222.168
854.0,11245.21
853.0,11869.842
852.0,11689.334
851.0,11387.637
850.0,11787.262
849.0,11526.033
848.0,11531.105
847.0,11739.148
846.0,11786.908
845.0,11613.243
844.0,12315.749
843.0,12156.524
842.0,11597.895
841.0,11751.352
840.0,11777.468
839.0,11907.353
838.0,11956.07
837.0,12164.981
836.0,11886.586
835.0,12119.849
834.0,12026.095
833.0,11714.831
832.0,11629.291
831.0,12285.82
830.0,12133.241
829.0,12255.689
828.0,12333.694
827.0,12232.089
826.0,12246.754
825.0,12537.563
824.0,12470.506
823.0,12518.083
822.0,12506.107
821.0,12272.568
820.0,12458.073
819.0,12777.711
818.0,12692.67
817.0,12430.336
816.0,12553.913
815.0,12517.847
814.0,12761.918
813.0,12666.403
812.0,12777.961
811.0,12309.017
810.0,12782.877
809.0,12790.104
808.0,12544.012
807.0,12667.678
806.0,12676.245
805.0,12838.737
804.0,12862.418
803.0,12938.876
802.0,12750.758
801.0,12451.238
800.0,12593.471
799.0,12889.239
798.0,12708.128
797.0,12303.323
796.0,12557.447
795.0,12823.127
794.0,12420.493
793.0,12893.083
792.0,13142.965
791.0,13318.478
790.0,13037.367
789.0,13032.721
788.0,12840.812
787.0,13104.61
786.0,13071.518
785.0,13481.482
784.0,13732.514
783.0,13676.822
782.0,13137.862
781.0,12889.454
780.0,13070.012
779.0,13168.496
778.0,13297.151
777.0,13234.773
776.0,13631.406
775.0,13014.373
774.0,13285.657
773.0,13515.769
772.0,13098.797
771.0,13126.29
770.0,13437.884
769.0,13421.723
768.0,13664.2
767.0,13427.882
766.0,13347.804
765.0,13355.326
764.0,13401.345
763.0,14030.556
762.0,13953.738
761.0,13882.068
760.0,13833.754
759.0,13642.432
758.0,13777.808
757.0,13834.993
756.0,14043.239
755.0,13964.134
754.0,13772.708
753.0,13561.417
752.0,13924.312
751.0,14033.333
750.0,14166.598
749.0,14630.512
748.0,13956.347
747.0,13843.933
746.0,14132.986
745.0,14522.253
744.0,14135.534
743.0,13875.917
742.0,13916.534
741.0,14095.692
740.0,13920.895
739.0,14136.459
738.0,14304.792
737.0,14143.381
736.0,13799.296
735.0,13807.285
734.0,14576.354
733.0,14570.164
732.0,14095.282
731.0,14442.275
730.0,14442.168
729.0,14754.219
728.0,14325.879
727.0,14360.819
726.0,14436.7
725.0,14735.558
724.0,14494.465
723.0,14693.143
722.0,14782.591
721.0,14784.421
720.0,14406.703
719.0,13871.655
718.0,14289.837
717.0,14501.852
716.0,14443.294
715.0,14506.879
714.0,14665.782
713.0,14392.915
712.0,14596.965
711.0,15029.726
710.0,14682.266
709.0,14923.542
708.0,15025.495
707.0,14986.287
706.0,15232.551
705.0,15294.664
704.0,15100.573
703.0,15042.115
702.0,14807.753
701.0,15294.541
700.0,14715.601
699.0,15149.529
698.0,15591.146
697.0,14990.136
696.0,15113.607
695.0,15015.939
694.0,14636.918
693.0,15191.742
692.0,14988.115
691.0,15168.412
690.0,15275.498
689.0,15334.407
688.0,15121.137
687.0,15362.613
686.0,15526.2
685.0,15576.125
684.0,15698.434
683.0,15441.29
682.0,15587.337
681.0,15698.195
680.0,15802.277
679.0,15700.335
678.0,15702.545
677.0,15199.491
676.0,15475.959
675.0,15609.266
674.0,15869.455
673.0,15541.31
672.0,15912.917
671.0,16075.266
670.0,15913.498
669.0,16077.102
668.0,16079.217
667.0,15725.244
666.0,15670.833
665.0,15743.751
664.0,16029.608
663.0,15858.962
662.0,15947.45
661.0,16058.702
660.0,15967.372
659.0,16316.41
658.0,16187.07
657.0,16019.583
656.0,16229.889
655.0,16438.401
654.0,16675.116
653.0,16460.408
652.0,16198.766
651.0,16278.659
650.0,16273.684
649.0,16245.491
648.0,16729.415
647.0,16600.419
646.0,16752.504
645.0,16876.45
644.0,16388.994
643.0,16216.337
642.0,16294.021
641.0,16750.981
640.0,16081.679
639.0,16450.558
638.0,16587.417
637.0,16850.43
636.0,16509.872
635.0,16510.859
634.0,16783.819
633.0,16176.974
632.0,16400.925
631.0,16807.261
630.0,16714.106
629.0,16837.552
628.0,16701.334
627.0,16247.302
626.0,16678.858
625.0,16910.587
624.0,16786.694
623.0,17209.252
622.0,16933.132
621.0,17423.808
620.0,16866.784
619.0,16859.387
618.0,16674.044
617.0,17111.487
616.0,16746.924
615.0,17031.128
614.0,17125.804
613.0,17068.28
612.0,16647.7
611.0,17136.779
610.0,16919.131
609.0,17054.941
608.0,17309.586
607.0,16924.732
606.0,16638.481
605.0,16737.912
604.0,17184.332
603.0,17086.021
602.0,17711.871
601.0,17410.066
600.0,17185.808
599.0,16816.225
598.0,17063.762
597.0,17288.252
596.0,17232.661
595.0,17334.354
594.0,16891.708
593.0,16830.325
592.0,17175.395
591.0,16648.871
590.0,16746.437
589.0,17146.991
588.0,17454.143
587.0,17240.325
586.0,17703.618
585.0,17098.019
584.0,17259.037
583.0,17090.903
582.0,17580.663
581.0,17797.706
580.0,17381.857
579.0,17411.584
578.0,17242.448
577.0,17602.126
576.0,17703.925
575.0,16921.44
574.0,16720.614
573.0,17081.703
572.0,16758.49
571.0,16037.416
570.0,16317.298
569.0,16443.467
568.0,16160.436
567.0,15529.943
566.0,15501.652
565.0,15832.375
564.0,16155.182
563.0,16431.284
562.0,16877.319
561.0,17598.708
560.0,17749.396
559.0,17970.385
558.0,18392.48
557.0,19372.623
556.0,19465.398
555.0,19634.681
554.0,18586.983
553.0,18114.673
552.0,16748.911
551.0,16265.318
550.0,15357.978
549.0,14881.095
548.0,14188.424
547.0,13296.474
546.0,12078.759
545.0,11171.567
544.0,10008.286
543.0,8251.6232
542.0,7627.1468
541.0,6602.2017
540.0,6444.7068
539.0,6473.3355
538.0,6645.2012
537.0,7138.6786
536.0,9001.2246
535.0,21846.724
534.0,75554.948
533.0,83639.294
532.0,27546.746
531.0,9782.0193
530.0,6884.8641
529.0,6189.4441
528.0,6028.6983
527.0,5849.5089
526.0,5768.3657
525.0,5927.4508
524.0,5807.9226
523.0,5842.055
522.0,5894.0646
521.0,5590.735
520.0,5705.5735
519.0,5434.5921
518.0,5582.1033
517.0,5694.2703
516.0,5550.758
515.0,5858.0549
514.0,5501.8782
513.0,5571.7483
512.0,5485.9099
511.0,5753.373
510.0,5614.2576
509.0,5659.646
508.0,5753.1454
507.0,5837.4204
506.0,5806.2501
505.0,5789.83
504.0,5644.1848
503.0,5916.8203
502.0,5701.9701
501.0,5567.1116
500.0,5998.0399
499.0,6208.0274
498.0,6597.2728
497.0,6268.9247
496.0,6017.7464
495.0,5771.49
494.0,5609.2231
493.0,5538.3452
492.0,5325.5888
491.0,5633.4911
490.0,5536.4108
489.0,5685.7533
488.0,5655.2483
487.0,5933.3871
486.0,5785.8165
485.0,5756.4575
484.0,5642.7218
483.0,5565.03
482.0,5455.6757
481.0,6004.4304
480.0,5733.3535
479.0,5805.7669
478.0,5913.5297
477.0,5807.8733
476.0,5723.593
475.0,5913.501
474.0,5833.9598
473.0,5602.1553
472.0,5587.7455
471.0,5646.9608
470.0,5781.3009
469.0,5501.6126
468.0,5727.6522
467.0,5836.2201
466.0,5545.3681
465.0,5646.1798
464.0,5751.744
463.0,5844.8605
462.0,5874.5751
461.0,5553.174
460.0,5810.062
459.0,5951.2171
458.0,5982.1065
457.0,5830.7312
456.0,5596.3607
455.0,5598.1081
454.0,5547.9259
453.0,5757.8351
452.0,5774.8011
451.0,5625.3303
450.0,5802.0517
449.0,5818.9083
448.0,5869.3495
447.0,5916.9394
446.0,5955.0731
445.0,5842.3041
444.0,5712.7394
443.0,5718.1355
442.0,5951.0755
441.0,5834.1589
440.0,6089.0249
439.0,6004.5686
438.0,6083.7472
437.0,5549.1448
436.0,5629.8593
435.0,5825.1644
434.0,5987.9995
433.0,5649.8481
432.0,5443.1531
431.0,5690.7212
430.0,5982.4382
429.0,5923.5112
428.0,5745.309
427.0,5952.5931
426.0,5801.2373
425.0,5736.1371
424.0,5836.1977
423.0,5541.195
422.0,5539.1742
421.0,5800.9952
420.0,6043.0399
419.0,6020.3767
418.0,5850.3665
417.0,6012.1846
416.0,5929.1464
415.0,5881.5061
414.0,5757.0442
413.0,5991.0444
412.0,5784.478
411.0,5921.9331
410.0,5885.2297
409.0,5744.1724
408.0,5768.6169
407.0,5914.8348
406.0,6068.5516
405.0,6112.4205
404.0,6010.3436
403.0,5967.7094
402.0,6056.6509
401.0,6470.9973
400.0,6275.015
399.0,6028.8739
398.0,5935.4186
397.0,6110.6951
396.0,5862.0757
395.0,5977.8156
394.0,6060.4209
393.0,6005.844
392.0,6143.9882
391.0,5919.8675
390.0,5890.4818
389.0,5838.7219
388.0,5686.597
387.0,5827.1436
386.0,5863.2601
385.0,5975.9396
384.0,6136.4446
383.0,6262.5717
382.0,6011.3824
381.0,6015.555
380.0,6023.386
379.0,6256.6277
378.0,6001.9855
377.0,6294.4981
376.0,6293.0576
375.0,6305.7214
374.0,5921.2944
373.0,6138.6684
372.0,6256.4655
371.0,6042.3249
370.0,6215.1878
369.0,6257.2383
368.0,6503.6775
367.0,6159.9041
366.0,6096.5336
365.0,6352.2401
364.0,6236.8569
363.0,6243.115
362.0,6130.0972
361.0,6060.296
360.0,6204.8734
359.0,5944.1257
358.0,5964.0379
357.0,6340.411
356.0,6221.7636
355.0,6211.6052
354.0,6408.5328
353.0,6589.5381
352.0,6445.476
351.0,6367.4797
350.0,6451.2087
349.0,6822.8053
348.0,6999.0303
347.0,6644.7239
346.0,6356.5149
345.0,6319.2613
344.0,6356.4372
343.0,6514.9655
342.0,6339.3795
341.0,6266.8694
340.0,6319.7889
339.0,6273.4135
338.0,6205.5964
337.0,6363.1464
336.0,6312.6074
335.0,6222.5132
334.0,6346.9855
333.0,6482.3293
332.0,6459.1877
331.0,6570.254
330.0,6535.6533
329.0,6661.4026
328.0,6731.4428
327.0,6580.162
326.0,6731.1611
325.0,6805.9923
324.0,6883.1306
323.0,6745.6172
322.0,6400.4911
321.0,6816.9552
320.0,7179.3996
319.0,6905.5139
318.0,7109.7361
317.0,7088.9168
316.0,6859.2974
315.0,7213.7129
314.0,7069.7148
313.0,7158.2291
312.0,7160.4798
311.0,7208.4209
310.0,7390.1724
309.0,7330.5539
308.0,7501.4426
307.0,7286.8601
306.0,7092.3616
305.0,7466.1774
304.0,7277.7296
303.0,6911.7108
302.0,6820.2735
301.0,6914.2334
300.0,6782.9886
299.0,6770.6137
298.0,6715.2968
297.0,6578.2873
296.0,6459.9248
295.0,6369.6611
294.0,6247.5562
293.0,6112.0963
292.0,5744.0187
291.0,5901.8297
290.0,6315.365
289.0,6951.3083
288.0,7408.8272
287.0,10653.694
286.0,23097.51
285.0,27430.765
284.0,10083.903
283.0,5960.8166
282.0,5713.4338
281.0,5860.9463
280.0,5779.3421
279.0,5860.0735
278.0,5600.5847
277.0,5672.7783
276.0,5809.6099
275.0,5898.2746
274.0,5690.2283
273.0,5402.1475
272.0,5379.0833
271.0,5732.1876
270.0,5945.6495
269.0,5952.1361
268.0,5879.1871
267.0,5691.6819
266.0,5669.4906
265.0,5666.3617
264.0,5839.8821
263.0,5738.1607
262.0,5469.6272
261.0,5843.2022
260.0,5703.5488
259.0,5609.0022
258.0,5797.7724
257.0,5554.2748
256.0,5781.4514
255.0,5684.2375
254.0,5588.4029
253.0,5174.075
252.0,5567.4628
251.0,5500.1127
250.0,5429.7432
249.0,5910.6377
248.0,5827.3113
247.0,5743.5354
246.0,5511.2427
245.0,5419.7912
244.0,5535.6916
243.0,5656.1859
242.0,5380.6269
241.0,5685.5322
240.0,5852.108
239.0,5598.9587
238.0,5926.8542
237.0,5748.9386
236.0,5255.786
235.0,5480.2888
234.0,5486.474
233.0,5723.5648
232.0,6016.2026
231.0,5827.9315
230.0,5608.7604
229.0,5754.6796
228.0,6067.3253
227.0,6023.6784
226.0,5679.3229
225.0,5801.904
224.0,5746.2541
223.0,5514.1219
222.0,5746.0504
221.0,5948.7908
220.0,5532.0057
219.0,5554.8884
218.0,5557.3483
217.0,5503.5875
216.0,5697.2631
215.0,5604.997
214.0,5592.4378
213.0,5757.2412
212.0,5801.8702
211.0,5698.0586
210.0,5809.5965
209.0,5778.7685
208.0,5735.9081
207.0,5737.812
206.0,5735.2456
205.0,5690.7462
204.0,5718.8186
203.0,5969.3719
202.0,5740.1685
201.0,5909.7321
200.0,5945.4405
199.0,5899.4324
198.0,5911.895
197.0,6114.347
196.0,6184.5453
195.0,5841.5688
194.0,5539.117
193.0,5753.7633
192.0,5875.426
191.0,5746.6325
190.0,5711.6282
189.0,5733.1269
188.0,5592.3073
187.0,5634.9306
186.0,5714.5084
185.0,5888.9005
184.0,5728.5947
183.0,5864.6418
182.0,6036.1581
181.0,6471.0141
180.0,6381.2021
179.0,6723.5409
178.0,6717.7761
177.0,6486.3562
176.0,6389.8685
175.0,6341.1111
174.0,6327.1809
173.0,6418.6788
172.0,6155.3348
171.0,5933.6666
170.0,5747.6896
169.0,5446.1618
168.0,5191.2221
167.0,4840.1453
166.0,4197.3736
165.0,4494.8358
164.0,3917.6847
163.0,3791.6884
162.0,3703.0829
161.0,3839.9782
160.0,4038.1557
159.0,4336.2298
158.0,5233.3449
157.0,8031.7785
156.0,15097.14
155.0,19464.438
154.0,14925.036
153.0,8750.9683
152.0,5560.0646
151.0,4430.2975
150.0,3953.9633
149.0,3855.5019
148.0,3699.8952
147.0,3660.0516
146.0,3776.6831
145.0,3655.8584
144.0,3394.3175
143.0,3395.0433
142.0,3392.3537
141.0,3233.6188
140.0,3349.9787
139.0,3440.1208
138.0,3245.245
137.0,3309.8452
136.0,3223.1496
135.0,3167.8894
134.0,3192.3956
133.0,3316.5701
132.0,3422.9658
131.0,3572.3113
130.0,3763.8186
129.0,3988.0437
128.0,4144.1063
127.0,4121.9103
126.0,3998.1661
125.0,3975.4209
124.0,3859.8182
123.0,3857.4183
122.0,3707.9299
121.0,3309.2667
120.0,3247.6538
119.0,3159.9011
118.0,2962.7652
117.0,2433.5093
116.0,2185.4582
115.0,1851.4298
114.0,1711.6822
113.0,1281.0629
112.0,1155.5359
111.0,1128.1305
110.0,1229.7888
109.0,1157.5919
108.0,1239.2473
107.0,1432.6767
106.0,3560.0673
105.0,14164.461
104.0,21867.781
103.0,11526.444
102.0,4633.48
101.0,1456.5735
100.0,1158.612
99.0,1193.3158
98.0,1036.5531
97.0,890.62427
96.0,1033.4135
95.0,1004.3569
94.0,949.97992
93.0,1053.406
92.0,1031.6265
91.0,980.044
90.0,996.67579
89.0,1044.7922
88.0,1080.8802
87.0,1043.706
86.0,992.97521
85.0,1114.3638
84.0,993.93481
83.0,944.62948
82.0,1007.7738
81.0,1053.3562
80.0,1094.4428
79.0,1083.2963
78.0,1111.3506
77.0,1161.5223
76.0,1145.5719
75.0,1031.232
74.0,1160.1938
73.0,1159.1993
72.0,1092.2868
71.0,1074.537
70.0,1089.2196
69.0,1048.7413
68.0,1066.4303
67.0,1072.382
66.0,1046.0565
65.0,1065.8459
64.0,1299.1582
63.0,1026.1591
62.0,970.63411
61.0,1000.2028
60.0,992.4558
59.0,1122.7879
58.0,1141.4087
57.0,1150.2516
56.0,1223.763
55.0,1134.0984
54.0,1061.309
53.0,1238.616
52.0,1289.4906
51.0,1313.8516
50.0,1185.6991
49.0,1290.5749
48.0,1239.2793
47.0,1171.6277
46.0,1052.0236
45.0,1057.7439
44.0,1072.5728
43.0,1027.2586
42.0,882.5636
41.0,963.975
40.0,954.53056
39.0,833.96929
38.0,797.4748
37.0,760.73868
36.0,749.98139
35.0,806.24009
34.0,827.93373
33.0,899.94324
32.0,928.00679
31.0,996.65878
30.0,1082.0427
29.0,1400.8226
28.0,2093.1619
27.0,3138.0876
26.0,3565.5478
25.0,2604.4392
24.0,1161.6426
23.0,590.1657
22.0,385.22102
21.0,325.10915
20.0,347.08561
19.0,399.4229
18.0,549.23307
17.0,641.11442
16.0,846.36459
15.0,890.88656
14.0,934.21814
13.0,771.44583
12.0,721.10751
11.0,567.20835
10.0,811.1567
9.0,843.7669
8.0,766.97926
7.0,725.70949
6.0,322.45928
5.0,118.10268
4.0,39.728149
3.0,6.99801
2.0,19.321875
1.0,8.161615
0.0,3.4579
