BE,counts/s
1300.0,13898.35
1299.0,14179.973
1298.0,13809.774
1297.0,14001.103
1296.0,13901.142
1295.0,14001.158
1294.0,13792.237
1293.0,14013.938
1292.0,14093.309
1291.0,14046.765
1290.0,13653.499
1289.0,13882.213
1288.0,14083.612
1287.0,13931.742
1286.0,13177.006
1285.0,13692.538
1284.0,13807.76
1283.0,13124.429
1282.0,13946.051
1281.0,14117.931
1280.0,13367.03
1279.0,13490.979
1278.0,13861.126
1277.0,13808.532
1276.0,13957.692
1275.0,13389.453
1274.0,13713.83
1273.0,13928.185
1272.0,13756.928
1271.0,13750.344
1270.0,13301.528
1269.0,13524.264
1268.0,13552.894
1267.0,13855.275
1266.0,13810.568
1265.0,13410.384
1264.0,13586.479
1263.0,13594.702
1262.0,13653.005
1261.0,13489.002
1260.0,13542.768
1259.0,13655.162
1258.0,13531.712
1257.0,13430.317
1256.0,13137.43
1255.0,13142.152
1254.0,13372.145
1253.0,13176.332
1252.0,13303.758
1251.0,13471.965
1250.0,13225.011
1249.0,13515.017
1248.0,13650.196
1247.0,13552.419
1246.0,13811.043
1245.0,13367.913
1244.0,13639.172
1243.0,13297.123
1242.0,13239.208
1241.0,13438.035
1240.0,13610.083
1239.0,13081.557
1238.0,13713.472
1237.0,13107.039
1236.0,13268.837
1235.0,13051.098
1234.0,13673.509
1233.0,14067.043
1232.0,13307.802
1231.0,13285.44
1230.0,13599.313
1229.0,13060.24
1228.0,13364.471
1227.0,13428.015
1226.0,13793.793
1225.0,13940.781
1224.0,13492.449
1223.0,13761.904
1222.0,13792.357
1221.0,13609.988
1220.0,13639.48
1219.0,13734.357
1218.0,13751.682
1217.0,13358.759
1216.0,13442.259
1215.0,13414.136
1214.0,13687.89
1213.0,13796.72
1212.0,13448.246
1211.0,13899.117
1210.0,13901.163
1209.0,13926.757
1208.0,13688.87
1207.0,13376.416
1206.0,13673.753
1205.0,13635.084
1204.0,13410.349
1203.0,13700.78
1202.0,13480.363
1201.0,13627.227
1200.0,13328.529
1199.0,13653.167
1198.0,13828.052
1197.0,13589.791
1196.0,13528.779
1195.0,13512.335
1194.0,13618.729
1193.0,13884.624
1192.0,13852.676
1191.0,13567.826
1190.0,13788.067
1189.0,13826.77
1188.0,13466.082
1187.0,13463.396
1186.0,13967.582
1185.0,14053.185
1184.0,13489.685
1183.0,13644.214
1182.0,13406.571
1181.0,13384.132
1180.0,13727.215
1179.0,13674.605
1178.0,13601.634
1177.0,13462.48
1176.0,13703.27
1175.0,13639.336
1174.0,13507.476
1173.0,13504.247
1172.0,13269.169
1171.0,13695.815
1170.0,13911.353
1169.0,13863.476
1168.0,13921.199
1167.0,13979.863
1166.0,13964.923
1165.0,13957.002
1164.0,13962.911
1163.0,14016.048
1162.0,13766.16
1161.0,13728.978
1160.0,13669.871
1159.0,13142.696
1158.0,13478.782
1157.0,13904.72
1156.0,14236.08
1155.0,13776.0
1154.0,13764.958
1153.0,14217.409
1152.0,13752.408
1151.0,14000.623
1150.0,14076.458
1149.0,14049.907
1148.0,13809.734
1147.0,13947.211
1146.0,13807.229
1145.0,13734.571
1144.0,13965.608
1143.0,13987.255
1142.0,14229.389
1141.0,14037.283
1140.0,14164.199
1139.0,14375.229
1138.0,14397.759
1137.0,14331.632
1136.0,13734.229
1135.0,13863.937
1134.0,14402.908
1133.0,14022.97
1132.0,13919.262
1131.0,14275.001
1130.0,14108.003
1129.0,14266.737
1128.0,13883.148
1127.0,13803.777
1126.0,14217.693
1125.0,14129.196
1124.0,14011.236
1123.0,14257.66
1122.0,13974.501
1121.0,14286.875
1120.0,14408.114
1119.0,14514.963
1118.0,14309.328
1117.0,13969.578
1116.0,14091.764
1115.0,14116.479
1114.0,14163.208
1113.0,14611.846
1112.0,14617.666
1111.0,14135.124
1110.0,13973.799
1109.0,14061.414
1108.0,13642.046
1107.0,14070.043
1106.0,13907.574
1105.0,14113.962
1104.0,14197.29
1103.0,14387.428
1102.0,14301.275
1101.0,14102.323
1100.0,13998.737
1099.0,14516.305
1098.0,14828.2
1097.0,14807.451
1096.0,14467.157
1095.0,14350.097
1094.0,14483.396
1093.0,14406.286
1092.0,14454.52
1091.0,14224.548
1090.0,14507.496
1089.0,14393.344
1088.0,14625.482
1087.0,14519.722
1086.0,14528.539
1085.0,14786.674
1084.0,14563.964
1083.0,14637.944
1082.0,14433.052
1081.0,14758.115
1080.0,14340.046
1079.0,14870.574
1078.0,14415.978
1077.0,14766.449
1076.0,14857.834
1075.0,14726.86
1074.0,14690.943
1073.0,14651.558
1072.0,14664.404
1071.0,14635.305
1070.0,14869.205
1069.0,14814.233
1068.0,15130.695
1067.0,15110.222
1066.0,15665.975
1065.0,15355.335
1064.0,15103.727
1063.0,14827.147
1062.0,15527.995
1061.0,15615.078
1060.0,15692.462
1059.0,15286.219
1058.0,14909.369
1057.0,14951.575
1056.0,15194.591
1055.0,15388.804
1054.0,15258.995
1053.0,15894.139
1052.0,15355.984
1051.0,15500.947
1050.0,15876.531
1049.0,15443.694
1048.0,15564.217
1047.0,15921.275
1046.0,15784.213
1045.0,15702.043
1044.0,16085.005
1043.0,16516.886
1042.0,16497.442
1041.0,15571.868
1040.0,16097.317
1039.0,15570.581
1038.0,15663.751
1037.0,16354.697
1036.0,16427.091
1035.0,15721.112
1034.0,15869.518
1033.0,16020.839
1032.0,16520.692
1031.0,16206.791
1030.0,16226.034
1029.0,16374.295
1028.0,16420.102
1027.0,16676.297
1026.0,17142.493
1025.0,17366.591
1024.0,16912.714
1023.0,17521.995
1022.0,17543.519
1021.0,17438.904
1020.0,18041.66
1019.0,17947.837
1018.0,18105.352
1017.0,17687.999
1016.0,16982.78
1015.0,16855.36
1014.0,17193.814
1013.0,16978.752
1012.0,17115.369
1011.0,17484.328
1010.0,17648.798
1009.0,18317.998
1008.0,18358.954
1007.0,18495.581
1006.0,19535.094
1005.0,20255.19
1004.0,20387.672
1003.0,20881.711
1002.0,21293.609
1001.0,19983.083
1000.0,18822.985
999.0,18248.079
998.0,17988.928
997.0,17166.997
996.0,16867.513
995.0,16547.747
994.0,16028.482
993.0,15679.162
992.0,16101.255
991.0,16212.337
990.0,16851.385
989.0,16662.924
988.0,17037.272
987.0,17565.506
986.0,19821.852
985.0,21937.001
984.0,23625.168
983.0,25936.277
982.0,27956.257
981.0,28590.614
980.0,26404.085
979.0,22486.141
978.0,19498.136
977.0,17303.549
976.0,15531.277
975.0,14901.571
974.0,13626.077
973.0,12132.853
972.0,11128.109
971.0,9936.4179
970.0,9499.2456
969.0,9281.9035
968.0,8465.1239
967.0,8167.7523
966.0,8003.6164
965.0,8151.4902
964.0,7953.0757
963.0,7862.2311
962.0,7869.0023
961.0,7806.7821
960.0,7933.0502
959.0,7832.5036
958.0,7743.5612
957.0,7987.7957
956.0,7753.391
955.0,7783.9095
954.0,7730.1134
953.0,7840.3421
952.0,7848.617
951.0,7661.7993
950.0,7756.8146
949.0,7867.8982
948.0,7871.0649
947.0,7863.2384
946.0,7970.0107
945.0,7998.2788
944.0,7932.3211
943.0,7878.8715
942.0,8127.9229
941.0,8240.5397
940.0,8174.9431
939.0,7776.7542
938.0,8125.5167
937.0,7961.8084
936.0,7778.2688
935.0,8001.1777
934.0,7953.1601
933.0,7997.1832
932.0,7920.5623
931.0,7991.0621
930.0,8359.192
929.0,8490.2182
928.0,8203.6912
927.0,7834.4398
926.0,8153.233
925.0,8209.5737
924.0,8260.5717
923.0,8419.77
922.0,8532.594
921.0,8070.4793
920.0,8262.6667
919.0,8160.7424
918.0,8354.9809
917.0,8553.4025
916.0,8401.3972
915.0,8400.4965
914.0,8016.7665
913.0,8255.1797
912.0,8700.4134
911.0,8463.7549
910.0,8354.2595
909.0,8226.9823
908.0,8499.5425
907.0,8865.3913
906.0,8615.3349
905.0,8254.1154
904.0,8595.9098
903.0,8514.104
902.0,8369.3515
901.0,8825.3601
900.0,8713.4874
899.0,8951.6292
898.0,8905.243
897.0,8592.8616
896.0,8444.8914
895.0,8725.4532
894.0,8777.853
893.0,8889.3204
892.0,8789.9683
891.0,8686.9832
890.0,8731.2923
889.0,9122.5522
888.0,8944.3537
887.0,9036.0743
886.0,8945.5985
885.0,8855.3803
884.0,8735.3282
883.0,8614.5817
882.0,8924.263
881.0,9053.8559
880.0,9321.9078
879.0,9015.5141
878.0,8871.0089
877.0,8833.3292
876.0,8842.8607
875.0,9003.9084
874.0,9222.4189
873.0,8740.2624
872.0,8976.9702
871.0,8980.0853
870.0,9245.8838
869.0,9164.0782
868.0,9510.8778
867.0,9217.3776
866.0,8996.2038
865.0,9144.3212
864.0,9097.5452
863.0,9293.0298
862.0,9013.2995
861.0,9155.8744
860.0,9646.2406
859.0,9525.8424
858.0,9408.1009
857.0,9312.8457
856.0,9271.9769
855.0,9436.4835
854.0,9556.5737
853.0,9309.685
852.0,9772.5159
851.0,9503.2853
850.0,9515.5098
849.0,9600.5305
848.0,9401.4207
847.0,9340.9352
846.0,9784.5068
845.0,9597.3291
844.0,9692.6106
843.0,9629.114
842.0,9498.0827
841.0,9779.8927
840.0,9427.7601
839.0,9804.5667
838.0,10046.431
837.0,10220.06
836.0,10062.654
835.0,9778.3641
834.0,9791.354
833.0,9995.4155
832.0,9858.8528
831.0,10227.442
830.0,10071.558
829.0,9867.5626
828.0,9966.7718
827.0,10157.408
826.0,10513.916
825.0,10377.295
824.0,9768.0094
823.0,9975.8303
822.0,10499.772
821.0,10449.671
820.0,10044.665
819.0,10094.351
818.0,10112.748
817.0,10057.254
816.0,10303.113
815.0,10245.057
814.0,10352.605
813.0,10534.752
812.0,10448.417
811.0,10599.487
810.0,10197.838
809.0,10543.365
808.0,10068.009
807.0,10432.767
806.0,10462.63
805.0,10209.867
804.0,10640.489
803.0,10595.183
802.0,10642.274
801.0,10563.756
800.0,10885.134
799.0,10817.747
798.0,10646.977
797.0,10837.602
796.0,10883.373
795.0,10636.626
794.0,10674.775
793.0,10900.753
792.0,10692.016
791.0,11024.621
790.0,11308.65
789.0,11104.999
788.0,11077.323
787.0,11247.809
786.0,11005.417
785.0,10891.404
784.0,11069.795
783.0,11273.691
782.0,11017.014
781.0,11045.897
780.0,11414.195
779.0,11332.196
778.0,11270.939
777.0,11447.348
776.0,11258.264
775.0,11194.516
774.0,11693.581
773.0,11556.449
772.0,11455.219
771.0,11284.834
770.0,11484.614
769.0,11720.701
768.0,11359.154
767.0,11207.364
766.0,11724.046
765.0,11495.583
764.0,11591.814
763.0,11790.252
762.0,11611.033
761.0,11388.308
760.0,11244.752
759.0,11666.817
758.0,11595.84
757.0,11744.099
756.0,11734.691
755.0,11939.768
754.0,12052.302
753.0,12318.132
752.0,12065.477
751.0,12048.951
750.0,11947.947
749.0,12312.025
748.0,12397.096
747.0,11947.653
746.0,12220.939
745.0,12261.047
744.0,12302.732
743.0,12020.049
742.0,12018.936
741.0,11849.804
740.0,11996.172
739.0,12374.252
738.0,12307.79
737.0,12378.112
736.0,11984.935
735.0,12489.943
734.0,12400.89
733.0,12401.46
732.0,12434.885
731.0,12447.848
730.0,12240.163
729.0,12592.548
728.0,12254.658
727.0,12379.238
726.0,12956.053
725.0,12667.972
724.0,12778.155
723.0,12758.392
722.0,12733.901
721.0,12978.535
720.0,12677.423
719.0,12593.78
718.0,12738.064
717.0,13089.811
716.0,12948.275
715.0,12913.395
714.0,13054.899
713.0,12667.48
712.0,12568.183
711.0,12913.187
710.0,12943.482
709.0,12326.725
708.0,12914.914
707.0,12868.58
706.0,13177.834
705.0,13010.015
704.0,13003.852
703.0,13537.834
702.0,13311.336
701.0,13383.782
700.0,13479.624
699.0,13599.244
698.0,13248.753
697.0,13509.632
696.0,13377.966
695.0,13640.081
694.0,13886.135
693.0,13915.443
692.0,13476.391
691.0,13741.913
690.0,13839.802
689.0,13833.895
688.0,13789.391
687.0,13720.672
686.0,13746.977
685.0,13616.647
684.0,13701.596
683.0,13887.232
682.0,13857.567
681.0,13708.7
680.0,13851.538
679.0,13617.058
678.0,13967.183
677.0,14100.346
676.0,13976.966
675.0,14128.104
674.0,14611.6
673.0,14057.578
672.0,14462.219
671.0,14173.697
670.0,14023.605
669.0,14356.791
668.0,14436.069
667.0,14486.256
666.0,14453.738
665.0,14509.577
664.0,14575.316
663.0,14702.347
662.0,14640.68
661.0,14552.866
660.0,14900.508
659.0,14877.815
658.0,14829.976
657.0,14621.798
656.0,14541.925
655.0,14917.918
654.0,14765.4
653.0,15029.158
652.0,15234.028
651.0,15051.723
650.0,14851.484
649.0,14794.965
648.0,15252.17
647.0,15182.529
646.0,15537.473
645.0,15638.216
644.0,15299.985
643.0,15243.656
642.0,15398.939
641.0,15302.722
640.0,15597.717
639.0,15494.306
638.0,15557.723
637.0,15546.166
636.0,15945.086
635.0,15766.718
634.0,15667.765
633.0,15975.82
632.0,16054.024
631.0,16142.048
630.0,16002.164
629.0,16292.641
628.0,16375.957
627.0,16123.057
626.0,16433.059
625.0,16412.197
624.0,16312.425
623.0,16323.959
622.0,16450.387
621.0,16891.78
620.0,16612.416
619.0,16384.979
618.0,16505.782
617.0,16886.592
616.0,16373.58
615.0,16395.482
614.0,16654.321
613.0,16798.214
612.0,16694.665
611.0,16618.92
610.0,16802.159
609.0,16684.152
608.0,16821.675
607.0,16909.474
606.0,16909.133
605.0,17020.804
604.0,16708.198
603.0,16813.93
602.0,16570.454
601.0,17479.469
600.0,17374.499
599.0,17248.924
598.0,17281.428
597.0,17147.264
596.0,17333.89
595.0,17172.479
594.0,17243.579
593.0,17969.548
592.0,17652.687
591.0,18123.991
590.0,17539.384
589.0,17680.285
588.0,18380.024
587.0,18304.707
586.0,18235.168
585.0,17753.225
584.0,18555.667
583.0,18332.783
582.0,18190.149
581.0,18401.786
580.0,18236.107
579.0,18947.494
578.0,18763.594
577.0,18636.879
576.0,18761.012
575.0,18098.909
574.0,18244.329
573.0,17991.742
572.0,17836.608
571.0,17612.83
570.0,17627.46
569.0,17359.526
568.0,17334.071
567.0,16991.631
566.0,17728.571
565.0,18239.741
564.0,18781.384
563.0,19397.9
562.0,19911.353
561.0,20856.332
560.0,21402.255
559.0,22484.101
558.0,22691.61
557.0,23433.187
556.0,22936.134
555.0,21682.549
554.0,20377.139
553.0,18527.142
552.0,17042.188
551.0,16090.636
550.0,15530.088
549.0,15103.432
548.0,14309.012
547.0,13139.696
546.0,12536.454
545.0,11869.339
544.0,10537.056
543.0,9514.6076
542.0,8728.7787
541.0,8662.8302
540.0,8254.9545
539.0,8357.4564
538.0,9194.6279
537.0,12855.343
536.0,33059.742
535.0,96353.557
534.0,133479.28
533.0,64216.359
532.0,17259.395
531.0,8862.3804
530.0,7160.3602
529.0,7067.4764
528.0,6620.6111
527.0,6734.3941
526.0,6817.7423
525.0,6690.336
524.0,6534.8053
523.0,6377.6161
522.0,6605.4845
521.0,6434.6899
520.0,6359.7405
519.0,6181.4168
518.0,6256.1152
517.0,6389.4813
516.0,6318.1664
515.0,6348.6493
514.0,6439.465
513.0,6532.4791
512.0,6370.1225
511.0,6260.0888
510.0,6281.1654
509.0,6541.3343
508.0,6403.078
507.0,6279.1766
506.0,6181.2815
505.0,6167.6911
504.0,6423.6176
503.0,6422.4475
502.0,6287.2047
501.0,6592.0104
500.0,6585.7981
499.0,6170.1049
498.0,6566.6434
497.0,6597.9051
496.0,6121.8696
495.0,6204.9832
494.0,6455.0566
493.0,6651.2558
492.0,6550.8508
491.0,6442.6401
490.0,6318.1508
489.0,6343.3606
488.0,6510.7242
487.0,6588.3534
486.0,6649.8188
485.0,6880.4197
484.0,6406.1967
483.0,6559.8692
482.0,6793.6565
481.0,6605.8546
480.0,6895.4486
479.0,6585.6526
478.0,6295.6056
477.0,6507.5413
476.0,6525.3817
475.0,6617.06
474.0,6698.3484
473.0,7014.4606
472.0,6866.0811
471.0,6585.7122
470.0,6653.9431
469.0,6661.6915
468.0,6565.3868
467.0,6504.4321
466.0,6560.0606
465.0,6839.5943
464.0,6687.5909
463.0,6557.0769
462.0,6826.4241
461.0,6792.6649
460.0,6605.1268
459.0,6704.4114
458.0,6795.3553
457.0,6759.3507
456.0,6913.4501
455.0,6845.1997
454.0,6980.949
453.0,6771.693
452.0,6948.5888
451.0,6861.4167
450.0,6617.4454
449.0,6770.3347
448.0,6546.5923
447.0,6995.8985
446.0,6960.9261
445.0,6703.3669
444.0,6766.0072
443.0,6680.7318
442.0,6810.3729
441.0,6950.8908
440.0,7127.6871
439.0,6905.0161
438.0,6973.7335
437.0,6992.9621
436.0,6598.8352
435.0,6634.6454
434.0,6759.1532
433.0,6875.3157
432.0,6765.427
431.0,6803.033
430.0,6715.7395
429.0,6800.2055
428.0,6865.9174
427.0,7020.9697
426.0,6903.6273
425.0,6933.2827
424.0,6759.7121
423.0,6916.6133
422.0,6952.501
421.0,6803.6507
420.0,6862.7725
419.0,6736.1828
418.0,7034.6926
417.0,6788.3913
416.0,6986.4124
415.0,7107.2363
414.0,6864.6959
413.0,6682.7612
412.0,6810.7729
411.0,6715.037
410.0,7062.0135
409.0,7265.6947
408.0,6983.4509
407.0,7163.5213
406.0,6902.8683
405.0,6755.0307
404.0,6851.0889
403.0,7075.8124
402.0,7056.7332
401.0,7437.1471
400.0,7667.2178
399.0,7554.407
398.0,7020.925
397.0,7063.127
396.0,6886.3103
395.0,6774.2938
394.0,6962.7242
393.0,7130.3586
392.0,7047.436
391.0,6794.1212
390.0,7030.7123
389.0,7069.4201
388.0,6797.3228
387.0,6941.5385
386.0,7029.1036
385.0,6964.7054
384.0,7292.2736
383.0,7182.5246
382.0,7268.9676
381.0,7126.6629
380.0,7039.1412
379.0,7252.7535
378.0,7238.4863
377.0,7327.1018
376.0,7072.2173
375.0,7195.2753
374.0,7511.8801
373.0,6924.9259
372.0,7137.145
371.0,7426.3137
370.0,6904.6664
369.0,6964.2513
368.0,7120.6612
367.0,7021.3407
366.0,7127.9421
365.0,7036.3981
364.0,7341.34
363.0,7069.4446
362.0,7261.4183
361.0,7146.84
360.0,7052.5547
359.0,6876.9547
358.0,7169.2544
357.0,7209.9209
356.0,7209.142
355.0,6864.1191
354.0,7195.6097
353.0,7087.6465
352.0,7198.0438
351.0,7297.6529
350.0,7407.5332
349.0,7221.9623
348.0,7150.888
347.0,7491.5323
346.0,7200.4932
345.0,6997.1307
344.0,6927.1282
343.0,7200.3608
342.0,7148.198
341.0,6858.2156
340.0,7189.299
339.0,7116.1846
338.0,7147.9348
337.0,7298.6704
336.0,7201.988
335.0,7087.106
334.0,7042.6184
333.0,7159.2009
332.0,7268.6923
331.0,7544.9009
330.0,7189.0496
329.0,7128.6657
328.0,7246.4658
327.0,7264.1543
326.0,7316.015
325.0,7296.3763
324.0,6907.5396
323.0,7238.0387
322.0,7168.9085
321.0,7525.842
320.0,7557.8864
319.0,7084.0811
318.0,7305.3755
317.0,7329.8609
316.0,7153.9629
315.0,7047.0849
314.0,7541.8614
313.0,7207.4856
312.0,6911.8095
311.0,7220.1988
310.0,7114.6036
309.0,7118.5186
308.0,7210.8134
307.0,7050.2827
306.0,6800.1448
305.0,7306.5924
304.0,7183.4417
303.0,7059.1629
302.0,6773.6619
301.0,6869.965
300.0,7075.7086
299.0,6891.0773
298.0,6733.5428
297.0,7135.7658
296.0,7113.9425
295.0,6945.602
294.0,6969.9783
293.0,7308.0871
292.0,7215.5362
291.0,6970.9626
290.0,6950.662
289.0,7214.7411
288.0,6868.4015
287.0,7243.3301
286.0,7330.8776
285.0,7122.4049
284.0,7290.0591
283.0,7105.7228
282.0,7058.102
281.0,7149.4088
280.0,7504.2956
279.0,7213.4233
278.0,6877.8224
277.0,7025.615
276.0,6913.6006
275.0,6814.9809
274.0,7040.7469
273.0,7040.2657
272.0,7123.4583
271.0,6937.4883
270.0,6976.1013
269.0,7069.6687
268.0,6844.7309
267.0,6784.2104
266.0,7071.8736
265.0,7054.8915
264.0,6923.0553
263.0,7036.0738
262.0,7043.3533
261.0,7318.7185
260.0,7096.6514
259.0,6886.4558
258.0,7040.1337
257.0,6674.0384
256.0,7132.7434
255.0,6943.8094
254.0,6746.1698
253.0,6681.858
252.0,7079.737
251.0,7136.6572
250.0,6830.4234
249.0,6934.0405
248.0,6947.1413
247.0,6885.4685
246.0,7123.9513
245.0,7740.7296
244.0,7960.2653
243.0,8234.6635
242.0,7228.1284
241.0,6949.6311
240.0,7026.7339
239.0,6877.9257
238.0,6725.6116
237.0,6604.5503
236.0,6604.9155
235.0,6639.462
234.0,6639.5889
233.0,6910.5227
232.0,6675.4333
231.0,6509.1779
230.0,6530.526
229.0,6496.0196
228.0,6815.1706
227.0,6546.1926
226.0,6163.486
225.0,6316.5226
224.0,6546.8571
223.0,6607.7022
222.0,6496.3973
221.0,6686.2883
220.0,6836.9588
219.0,6855.7906
218.0,6692.6461
217.0,6564.9455
216.0,6721.3432
215.0,6740.799
214.0,6473.0685
213.0,6636.0428
212.0,6663.2648
211.0,6282.2993
210.0,6805.0477
209.0,6768.7622
208.0,6755.8799
207.0,6523.9473
206.0,6444.0241
205.0,6761.8425
204.0,6506.1201
203.0,6461.8075
202.0,6817.1504
201.0,6719.0447
200.0,6740.3495
199.0,6779.3098
198.0,6643.1431
197.0,6633.0378
196.0,6796.6067
195.0,6423.5027
194.0,6725.2934
193.0,6717.9874
192.0,6422.7572
191.0,6485.5153
190.0,6617.2737
189.0,6523.1892
188.0,6460.4989
187.0,6409.2528
186.0,6831.6546
185.0,6834.2655
184.0,6591.4252
183.0,6953.6664
182.0,6958.4669
181.0,7135.4224
180.0,7113.6914
179.0,7364.0448
178.0,7397.8647
177.0,7307.78
176.0,7238.0028
175.0,6978.7428
174.0,6817.593
173.0,6839.8641
172.0,6680.5914
171.0,6351.7858
170.0,6107.8907
169.0,5968.1475
168.0,5708.1717
167.0,5331.7748
166.0,4691.9022
165.0,4931.2641
164.0,4782.0558
163.0,4640.2902
162.0,4822.4399
161.0,4917.2329
160.0,5400.4177
159.0,6637.8062
158.0,10300.937
157.0,19061.44
156.0,26368.358
155.0,21410.122
154.0,12642.223
153.0,7859.678
152.0,6128.2202
151.0,5287.9497
150.0,4800.6173
149.0,4397.4437
148.0,3943.1174
147.0,3825.4231
146.0,3768.4852
145.0,3838.1262
144.0,3829.7825
143.0,3661.8863
142.0,3415.0945
141.0,3901.4377
140.0,3640.5157
139.0,3537.2266
138.0,3676.3064
137.0,3724.5705
136.0,3470.9499
135.0,3585.664
134.0,3639.1448
133.0,3579.6942
132.0,3705.324
131.0,3993.9905
130.0,3966.2539
129.0,4372.7731
128.0,4402.7633
127.0,4172.8262
126.0,3934.203
125.0,3932.4469
124.0,3968.3808
123.0,4025.5595
122.0,3569.1022
121.0,3514.7162
120.0,3304.8559
119.0,2891.0209
118.0,2890.3515
117.0,2628.2331
116.0,2467.5984
115.0,2261.5528
114.0,1749.2432
113.0,1710.4509
112.0,1633.168
111.0,1475.1059
110.0,1351.7152
109.0,1487.0826
108.0,2008.3092
107.0,5126.0226
106.0,15807.909
105.0,27480.066
104.0,20753.492
103.0,7140.0141
102.0,2197.1687
101.0,1447.6567
100.0,1904.7682
99.0,1477.8627
98.0,949.91342
97.0,947.15023
96.0,904.78854
95.0,919.13101
94.0,882.20729
93.0,823.67177
92.0,836.7623
91.0,983.29774
90.0,999.03102
89.0,850.18411
88.0,959.76894
87.0,1007.1707
86.0,1019.3808
85.0,936.28142
84.0,964.74469
83.0,978.62447
82.0,1009.4114
81.0,982.2098
80.0,926.87233
79.0,928.93603
78.0,992.61364
77.0,901.06695
76.0,954.41983
75.0,958.61279
74.0,961.06701
73.0,988.83693
72.0,951.71424
71.0,979.35417
70.0,1015.2742
69.0,1084.3857
68.0,1041.7816
67.0,1036.5542
66.0,961.43357
65.0,971.18906
64.0,871.22599
63.0,982.20187
62.0,1005.9423
61.0,1006.7551
60.0,1113.5194
59.0,1122.5548
58.0,1028.0178
57.0,1072.4235
56.0,1171.9277
55.0,1102.9012
54.0,1151.1446
53.0,1225.9968
52.0,1235.0682
51.0,1313.9367
50.0,1291.8911
49.0,1287.9674
48.0,1088.4239
47.0,1078.6935
46.0,1209.1598
45.0,1138.4098
44.0,926.06568
43.0,947.93868
42.0,1082.7231
41.0,917.41916
40.0,917.96468
39.0,953.48749
38.0,821.22723
37.0,837.35231
36.0,861.45453
35.0,848.32426
34.0,913.91464
33.0,1057.8515
32.0,1262.2755
31.0,1356.8991
30.0,1640.4559
29.0,2441.1664
28.0,3436.8342
27.0,4039.0449
26.0,3926.4012
25.0,2258.8083
24.0,1082.1545
23.0,612.88303
22.0,424.10195
21.0,276.88746
20.0,189.90419
19.0,165.90863
18.0,353.4876
17.0,710.94912
16.0,1007.8584
15.0,1054.2611
14.0,1119.6117
13.0,976.25676
12.0,1015.1173
11.0,955.18838
10.0,1062.0746
9.0,1040.5905
8.0,966.85454
7.0,574.50264
6.0,218.87352
5.0,143.80633
4.0,103.65772
3.0,37.908227
2.0,33.429848
1.0,23.860325
0.0,19.561
