BE,counts/s
1300.0,15224.33
1299.0,15109.376
1298.0,15349.06
1297.0,15134.982
1296.0,14624.212
1295.0,14363.817
1294.0,14642.344
1293.0,14802.463
1292.0,14926.005
1291.0,14751.385
1290.0,14682.763
1289.0,14818.376
1288.0,14506.323
1287.0,14367.24
1286.0,14101.03
1285.0,14871.216
1284.0,14627.742
1283.0,15036.298
1282.0,14716.94
1281.0,14457.079
1280.0,15129.711
1279.0,15130.397
1278.0,15134.869
1277.0,14667.949
1276.0,14873.616
1275.0,14390.082
1274.0,14648.059
1273.0,14536.417
1272.0,14496.975
1271.0,14657.258
1270.0,14425.115
1269.0,14595.144
1268.0,14111.085
1267.0,14239.197
1266.0,14957.172
1265.0,14436.22
1264.0,14410.76
1263.0,14677.957
1262.0,14582.728
1261.0,14906.722
1260.0,14536.482
1259.0,14912.88
1258.0,14290.838
1257.0,14497.97
1256.0,14507.202
1255.0,15151.49
1254.0,15204.151
1253.0,14736.873
1252.0,14800.566
1251.0,14173.464
1250.0,14405.342
1249.0,14954.462
1248.0,14617.025
1247.0,14531.631
1246.0,14509.256
1245.0,14775.54
1244.0,14420.602
1243.0,14790.614
1242.0,14457.043
1241.0,14634.128
1240.0,14660.631
1239.0,14678.105
1238.0,14290.336
1237.0,14670.656
1236.0,14388.21
1235.0,14298.117
1234.0,15005.39
1233.0,14486.916
1232.0,14727.215
1231.0,14346.043
1230.0,14441.376
1229.0,14153.76
1228.0,14388.4
1227.0,14519.691
1226.0,14603.475
1225.0,14524.425
1224.0,14839.15
1223.0,15241.356
1222.0,14789.508
1221.0,15047.316
1220.0,15216.08
1219.0,14923.195
1218.0,14698.678
1217.0,14790.482
1216.0,14496.125
1215.0,14055.026
1214.0,14450.814
1213.0,14194.881
1212.0,14320.534
1211.0,14492.857
1210.0,14526.88
1209.0,14060.614
1208.0,14360.784
1207.0,14577.801
1206.0,14713.118
1205.0,14376.672
1204.0,14399.283
1203.0,14340.908
1202.0,14181.199
1201.0,14784.037
1200.0,14567.627
1199.0,14559.71
1198.0,14677.938
1197.0,14315.875
1196.0,14625.299
1195.0,14806.27
1194.0,14657.542
1193.0,14331.53
1192.0,14799.091
1191.0,14573.965
1190.0,14369.051
1189.0,14209.368
1188.0,14548.159
1187.0,14599.624
1186.0,14864.545
1185.0,14909.621
1184.0,14785.739
1183.0,14919.614
1182.0,14255.176
1181.0,14257.166
1180.0,14348.981
1179.0,14964.549
1178.0,14484.241
1177.0,14682.959
1176.0,14537.317
1175.0,14298.936
1174.0,14506.609
1173.0,14582.822
1172.0,14823.489
1171.0,14776.769
1170.0,14868.68
1169.0,15501.2
1168.0,14851.55
1167.0,14479.684
1166.0,14292.224
1165.0,14633.416
1164.0,14865.101
1163.0,14748.21
1162.0,14382.738
1161.0,14482.803
1160.0,14429.634
1159.0,14433.529
1158.0,14586.692
1157.0,14998.408
1156.0,15066.048
1155.0,14563.471
1154.0,14689.871
1153.0,14718.956
1152.0,14762.064
1151.0,14319.474
1150.0,14263.581
1149.0,14963.372
1148.0,14653.552
1147.0,14859.765
1146.0,15047.606
1145.0,14630.262
1144.0,14650.386
1143.0,14418.769
1142.0,14878.644
1141.0,15189.831
1140.0,15101.846
1139.0,15101.148
1138.0,15057.841
1137.0,14787.096
1136.0,15113.233
1135.0,14884.672
1134.0,15057.218
1133.0,14793.869
1132.0,15157.938
1131.0,14836.26
1130.0,14744.733
1129.0,15179.327
1128.0,15011.156
1127.0,15139.665
1126.0,15208.993
1125.0,15386.087
1124.0,15096.408
1123.0,15156.227
1122.0,15483.816
1121.0,15424.473
1120.0,15196.608
1119.0,15498.522
1118.0,15944.259
1117.0,15130.088
1116.0,14876.024
1115.0,15280.966
1114.0,15192.469
1113.0,14690.003
1112.0,15188.948
1111.0,15114.506
1110.0,15217.868
1109.0,15471.753
1108.0,15187.09
1107.0,14871.406
1106.0,15162.006
1105.0,15380.959
1104.0,14822.364
1103.0,15023.134
1102.0,15305.111
1101.0,15079.083
1100.0,15269.499
1099.0,15109.17
1098.0,15164.645
1097.0,15470.996
1096.0,14760.518
1095.0,14838.824
1094.0,15323.189
1093.0,15593.693
1092.0,15455.56
1091.0,15558.603
1090.0,15239.872
1089.0,15642.072
1088.0,15811.134
1087.0,15705.725
1086.0,15940.377
1085.0,15808.618
1084.0,15496.372
1083.0,15727.091
1082.0,15288.023
1081.0,15679.799
1080.0,15513.853
1079.0,15530.47
1078.0,15817.383
1077.0,15779.524
1076.0,15558.856
1075.0,15577.72
1074.0,15840.132
1073.0,15710.525
1072.0,15907.864
1071.0,15952.447
1070.0,16080.814
1069.0,15961.701
1068.0,16348.978
1067.0,15824.585
1066.0,15692.845
1065.0,15858.706
1064.0,16220.312
1063.0,15869.17
1062.0,15244.053
1061.0,15214.692
1060.0,16189.153
1059.0,16215.622
1058.0,15733.083
1057.0,15518.166
1056.0,16222.794
1055.0,16386.42
1054.0,16875.981
1053.0,16230.538
1052.0,16124.653
1051.0,16671.464
1050.0,16125.077
1049.0,16678.851
1048.0,16668.314
1047.0,16833.157
1046.0,16856.624
1045.0,16945.395
1044.0,16847.067
1043.0,16971.624
1042.0,17071.284
1041.0,16911.56
1040.0,17103.045
1039.0,17161.413
1038.0,17113.643
1037.0,16321.866
1036.0,17050.18
1035.0,17359.753
1034.0,17163.665
1033.0,17338.504
1032.0,17165.693
1031.0,17011.641
1030.0,17388.199
1029.0,17209.596
1028.0,17653.518
1027.0,18015.505
1026.0,17629.571
1025.0,18270.887
1024.0,18258.395
1023.0,18361.181
1022.0,18391.509
1021.0,19073.422
1020.0,18810.035
1019.0,19025.063
1018.0,19183.901
1017.0,18651.144
1016.0,18306.506
1015.0,18280.155
1014.0,17605.035
1013.0,17908.025
1012.0,18251.003
1011.0,17994.482
1010.0,18190.606
1009.0,18543.489
1008.0,19313.368
1007.0,20206.297
1006.0,20901.453
1005.0,21314.15
1004.0,21355.268
1003.0,21906.041
1002.0,21596.626
1001.0,21479.682
1000.0,19838.194
999.0,18633.658
998.0,18689.97
997.0,18559.378
996.0,18353.428
995.0,18052.373
994.0,17259.524
993.0,16331.022
992.0,16571.671
991.0,17288.875
990.0,17651.198
989.0,17873.142
988.0,18217.591
987.0,19295.976
986.0,21146.798
985.0,23390.909
984.0,25543.829
983.0,27883.759
982.0,29503.96
981.0,29894.744
980.0,27144.237
979.0,23738.225
978.0,20477.141
977.0,18554.602
976.0,16824.051
975.0,15287.174
974.0,14107.973
973.0,13369.757
972.0,12104.993
971.0,11124.61
970.0,10077.534
969.0,8933.0471
968.0,8597.095
967.0,8667.0247
966.0,8491.1024
965.0,8704.6971
964.0,8477.601
963.0,8060.9365
962.0,8218.6864
961.0,8348.4993
960.0,8481.0069
959.0,8401.4249
958.0,8223.3047
957.0,8257.3802
956.0,8028.709
955.0,8452.9218
954.0,8483.731
953.0,8351.1104
952.0,8481.3917
951.0,8507.109
950.0,8137.1859
949.0,8446.8702
948.0,8470.7928
947.0,8459.4331
946.0,8240.008
945.0,8415.7802
944.0,8170.2751
943.0,8076.1869
942.0,8403.6238
941.0,8533.5714
940.0,8527.6337
939.0,8438.2557
938.0,8445.6147
937.0,8600.5611
936.0,8637.6523
935.0,8621.8223
934.0,8792.8041
933.0,8626.4626
932.0,8869.4755
931.0,8582.5294
930.0,8414.4427
929.0,8724.8455
928.0,8652.5677
927.0,8610.7262
926.0,8634.5143
925.0,8595.0363
924.0,8523.368
923.0,8749.114
922.0,8643.2452
921.0,8617.2434
920.0,8793.0389
919.0,8806.8957
918.0,8791.0418
917.0,9154.9533
916.0,8945.3627
915.0,8843.0528
914.0,9171.5183
913.0,9449.0466
912.0,9101.2121
911.0,8835.1359
910.0,8939.4246
909.0,9052.4963
908.0,8798.0539
907.0,8824.7182
906.0,8897.236
905.0,8684.4369
904.0,8849.2366
903.0,8895.3352
902.0,9054.7856
901.0,9284.9293
900.0,9798.4931
899.0,9849.327
898.0,9088.0911
897.0,9504.7461
896.0,9356.7224
895.0,9082.7525
894.0,9440.0391
893.0,9068.1086
892.0,9366.5975
891.0,9424.5644
890.0,9342.1238
889.0,9418.1543
888.0,9667.1249
887.0,9435.7398
886.0,9463.8336
885.0,9422.1376
884.0,9384.8927
883.0,9562.7992
882.0,9397.2519
881.0,9401.5202
880.0,9477.9208
879.0,9527.8906
878.0,9376.1394
877.0,9644.4249
876.0,9563.9203
875.0,9943.9756
874.0,9888.7498
873.0,9898.9989
872.0,10169.397
871.0,10010.777
870.0,10201.297
869.0,9984.8271
868.0,9791.5017
867.0,9452.8063
866.0,9714.1831
865.0,10025.421
864.0,10076.724
863.0,10088.035
862.0,10105.959
861.0,9888.8873
860.0,9928.8779
859.0,10222.103
858.0,9915.1511
857.0,9764.4306
856.0,10019.081
855.0,10313.427
854.0,10171.565
853.0,9959.849
852.0,9714.3148
851.0,9821.3813
850.0,10277.231
849.0,10232.748
848.0,10291.053
847.0,9875.6303
846.0,10221.725
845.0,10246.018
844.0,10420.42
843.0,10379.19
842.0,10214.857
841.0,10315.784
840.0,10492.74
839.0,10522.46
838.0,10487.032
837.0,10621.421
836.0,10710.763
835.0,10221.939
834.0,10596.268
833.0,10812.464
832.0,10573.683
831.0,10454.081
830.0,10582.689
829.0,10229.206
828.0,10673.056
827.0,10613.391
826.0,10681.41
825.0,10581.369
824.0,10357.467
823.0,10604.526
822.0,10778.411
821.0,10798.888
820.0,10964.945
819.0,10368.523
818.0,10551.978
817.0,10912.662
816.0,10442.765
815.0,10848.322
814.0,10634.207
813.0,10595.785
812.0,10704.967
811.0,11373.923
810.0,10849.731
809.0,10899.362
808.0,10928.176
807.0,11388.086
806.0,11183.641
805.0,11052.133
804.0,10823.399
803.0,11407.839
802.0,11334.064
801.0,11623.151
800.0,11519.761
799.0,11496.572
798.0,11407.196
797.0,11215.669
796.0,11255.05
795.0,11321.771
794.0,11443.776
793.0,11187.555
792.0,11467.585
791.0,11970.209
790.0,11931.61
789.0,11810.329
788.0,11704.24
787.0,11482.129
786.0,11698.769
785.0,12077.67
784.0,11907.367
783.0,11565.593
782.0,11888.751
781.0,11417.882
780.0,11468.547
779.0,11602.888
778.0,12181.725
777.0,12021.277
776.0,12151.881
775.0,12232.936
774.0,11763.28
773.0,11726.487
772.0,11562.73
771.0,11975.213
770.0,11719.707
769.0,12008.817
768.0,12582.652
767.0,12072.141
766.0,12307.403
765.0,12480.087
764.0,12299.624
763.0,12110.944
762.0,12362.449
761.0,12630.668
760.0,12624.134
759.0,12739.87
758.0,12426.052
757.0,12123.373
756.0,12432.124
755.0,13050.899
754.0,12823.009
753.0,12341.561
752.0,12492.835
751.0,12737.982
750.0,12464.386
749.0,12745.668
748.0,12444.366
747.0,12670.732
746.0,13116.851
745.0,12894.318
744.0,13062.88
743.0,12616.619
742.0,12770.776
741.0,13122.323
740.0,13015.52
739.0,12815.435
738.0,12664.064
737.0,12899.745
736.0,13111.934
735.0,13591.995
734.0,13112.315
733.0,12958.946
732.0,13067.453
731.0,13062.6
730.0,13126.625
729.0,13128.997
728.0,13422.372
727.0,13544.711
726.0,13176.518
725.0,13265.751
724.0,13626.426
723.0,13384.104
722.0,13535.712
721.0,13235.804
720.0,13504.783
719.0,13731.749
718.0,13391.995
717.0,13467.811
716.0,13573.483
715.0,13419.701
714.0,13924.888
713.0,13386.199
712.0,13397.162
711.0,13606.532
710.0,13455.285
709.0,13787.022
708.0,13981.483
707.0,13933.553
706.0,14186.536
705.0,13904.631
704.0,13575.091
703.0,13597.142
702.0,13882.524
701.0,14032.134
700.0,14413.986
699.0,14089.73
698.0,14220.013
697.0,14090.873
696.0,14475.86
695.0,13974.955
694.0,13765.611
693.0,14249.374
692.0,14420.27
691.0,14841.592
690.0,14780.777
689.0,14410.399
688.0,14460.286
687.0,14760.822
686.0,14598.344
685.0,14523.393
684.0,14381.292
683.0,14625.526
682.0,14568.311
681.0,14882.846
680.0,14886.998
679.0,14772.245
678.0,14768.456
677.0,14648.122
676.0,15238.992
675.0,15331.431
674.0,15014.545
673.0,15015.181
672.0,14618.281
671.0,15350.971
670.0,15386.443
669.0,14826.181
668.0,14734.93
667.0,15407.336
666.0,15472.615
665.0,15346.222
664.0,15388.575
663.0,15324.695
662.0,15144.525
661.0,15362.424
660.0,15187.26
659.0,15238.321
658.0,15476.26
657.0,15852.447
656.0,15788.98
655.0,15775.83
654.0,15293.004
653.0,15564.273
652.0,16245.131
651.0,15961.818
650.0,15831.316
649.0,15989.286
648.0,15590.818
647.0,15852.894
646.0,15900.552
645.0,16089.733
644.0,16420.596
643.0,16088.558
642.0,16105.014
641.0,15906.814
640.0,15978.729
639.0,16396.638
638.0,16677.372
637.0,16744.15
636.0,17005.101
635.0,16568.606
634.0,16778.161
633.0,16779.99
632.0,16915.409
631.0,16798.446
630.0,16885.41
629.0,16569.02
628.0,17117.993
627.0,16917.994
626.0,16680.098
625.0,16829.655
624.0,16743.477
623.0,16640.735
622.0,17389.871
621.0,17318.17
620.0,17351.934
619.0,17522.015
618.0,17477.318
617.0,17754.955
616.0,17481.618
615.0,17270.177
614.0,17680.215
613.0,18052.582
612.0,17782.27
611.0,17663.79
610.0,17156.777
609.0,17855.388
608.0,17546.754
607.0,17262.739
606.0,17577.476
605.0,18223.735
604.0,18030.591
603.0,17968.627
602.0,18300.912
601.0,18140.815
600.0,18645.03
599.0,18206.728
598.0,18372.532
597.0,18378.248
596.0,18769.945
595.0,18748.803
594.0,18321.801
593.0,18426.325
592.0,18764.772
591.0,18459.369
590.0,18500.968
589.0,18562.151
588.0,18997.381
587.0,19400.157
586.0,19677.59
585.0,19510.296
584.0,19428.875
583.0,19684.302
582.0,19179.226
581.0,19245.907
580.0,19304.705
579.0,19312.089
578.0,18835.534
577.0,19085.235
576.0,18654.063
575.0,19290.916
574.0,19090.467
573.0,18869.51
572.0,18572.463
571.0,18411.969
570.0,18821.355
569.0,18413.005
568.0,18256.463
567.0,18002.237
566.0,18067.132
565.0,18301.744
564.0,20043.594
563.0,20384.097
562.0,20952.281
561.0,22027.035
560.0,22945.832
559.0,22870.997
558.0,24067.634
557.0,24648.936
556.0,23663.623
555.0,22015.859
554.0,21230.611
553.0,19752.686
552.0,18444.97
551.0,17256.155
550.0,16516.392
549.0,15970.916
548.0,15030.867
547.0,14373.572
546.0,12917.976
545.0,11882.632
544.0,10794.786
543.0,9901.1555
542.0,9219.7383
541.0,9264.1566
540.0,8543.5934
539.0,9140.9547
538.0,10008.904
537.0,14408.723
536.0,37844.911
535.0,106795.19
534.0,136392.2
533.0,61008.795
532.0,16473.105
531.0,9075.2531
530.0,7406.2966
529.0,7203.6497
528.0,6976.5091
527.0,6872.3478
526.0,6771.0969
525.0,6795.7674
524.0,6723.6613
523.0,6600.7996
522.0,6808.4072
521.0,6363.7118
520.0,6494.6418
519.0,6699.0008
518.0,6680.2592
517.0,6734.19
516.0,6738.5532
515.0,7094.5785
514.0,7270.4574
513.0,6700.0975
512.0,6675.133
511.0,6695.3139
510.0,6950.468
509.0,6695.9578
508.0,6831.0965
507.0,6960.0263
506.0,6877.8661
505.0,6804.1165
504.0,6737.909
503.0,6934.696
502.0,6968.1592
501.0,6943.6015
500.0,6455.6132
499.0,6698.8692
498.0,6590.8532
497.0,6901.1332
496.0,6857.9043
495.0,6581.4259
494.0,7134.3809
493.0,6901.0988
492.0,6590.1095
491.0,6791.4198
490.0,7059.6951
489.0,6892.9789
488.0,6796.0163
487.0,6435.5882
486.0,6587.2974
485.0,6588.5484
484.0,6795.7563
483.0,6983.6347
482.0,7337.1434
481.0,7028.4957
480.0,7133.2147
479.0,6917.0862
478.0,6798.5995
477.0,7040.5953
476.0,6740.0486
475.0,6982.6315
474.0,6876.4311
473.0,7117.3039
472.0,7107.6131
471.0,7250.3581
470.0,6961.1105
469.0,6704.5192
468.0,7168.0836
467.0,6853.7853
466.0,7156.922
465.0,7109.1928
464.0,7029.9227
463.0,6870.0303
462.0,6867.3775
461.0,6861.7387
460.0,7052.8432
459.0,6838.5557
458.0,7123.5655
457.0,7249.1306
456.0,7102.4296
455.0,6834.0221
454.0,6823.2405
453.0,7108.2756
452.0,7019.6032
451.0,6954.9744
450.0,7208.4625
449.0,7136.1634
448.0,7263.2084
447.0,7072.9739
446.0,7119.9031
445.0,7217.3637
444.0,7603.4292
443.0,7389.4618
442.0,7346.9848
441.0,6977.0501
440.0,6914.6382
439.0,7453.6292
438.0,7062.5454
437.0,7007.511
436.0,7636.8113
435.0,7335.2226
434.0,7274.9638
433.0,7135.0517
432.0,6948.0909
431.0,6976.0283
430.0,7399.8609
429.0,7381.5819
428.0,7254.7314
427.0,7260.3414
426.0,7076.2061
425.0,7238.836
424.0,7380.103
423.0,7459.6663
422.0,7495.6931
421.0,7420.3321
420.0,7025.3579
419.0,7519.6971
418.0,7412.7293
417.0,7387.6117
416.0,7111.5652
415.0,7137.433
414.0,7247.278
413.0,7269.2216
412.0,7236.1276
411.0,7291.0574
410.0,7211.2708
409.0,7361.0245
408.0,7371.2394
407.0,7423.1633
406.0,7406.36
405.0,7367.1547
404.0,7404.6386
403.0,7496.03
402.0,7257.2097
401.0,7614.5889
400.0,7853.5067
399.0,7727.6041
398.0,7546.4845
397.0,7508.3213
396.0,7391.3207
395.0,7537.5067
394.0,7426.5322
393.0,7371.5193
392.0,7445.8352
391.0,7466.7999
390.0,7445.4019
389.0,7130.4153
388.0,7487.8773
387.0,7281.6374
386.0,7483.4949
385.0,7239.9742
384.0,7504.9995
383.0,7455.6875
382.0,7390.9559
381.0,7373.8636
380.0,7378.3412
379.0,7102.9529
378.0,7040.2378
377.0,7360.0471
376.0,7367.0569
375.0,7345.4281
374.0,7244.9822
373.0,7707.8082
372.0,7691.6586
371.0,7618.2449
370.0,7468.5054
369.0,7458.9565
368.0,7687.0936
367.0,7658.7232
366.0,7068.8629
365.0,7409.2447
364.0,7608.9641
363.0,7448.2286
362.0,7558.2334
361.0,7458.5471
360.0,7475.1432
359.0,7454.6575
358.0,7548.4473
357.0,7535.3733
356.0,7732.8702
355.0,7311.9295
354.0,7720.8748
353.0,7936.5728
352.0,7442.7551
351.0,7533.1067
350.0,7907.8491
349.0,7644.0602
348.0,7689.0785
347.0,7629.7638
346.0,7512.3577
345.0,7333.0889
344.0,7641.7492
343.0,7426.216
342.0,7427.5369
341.0,7444.3228
340.0,7469.0546
339.0,7120.5015
338.0,7288.5285
337.0,6978.3023
336.0,7455.545
335.0,7292.5294
334.0,7455.4327
333.0,7697.7491
332.0,7630.6368
331.0,7320.1933
330.0,7169.1353
329.0,7333.5578
328.0,7365.2439
327.0,7166.7694
326.0,7948.2101
325.0,7571.9482
324.0,7733.1289
323.0,7757.7621
322.0,7648.2001
321.0,7808.2534
320.0,7661.8704
319.0,7735.0029
318.0,8023.545
317.0,7815.8085
316.0,7432.9378
315.0,7781.9442
314.0,7607.6469
313.0,7475.2434
312.0,7361.5671
311.0,7524.3251
310.0,7397.9126
309.0,7256.6923
308.0,7737.7717
307.0,7896.1531
306.0,7803.3084
305.0,7561.0605
304.0,7431.8396
303.0,7241.8608
302.0,7249.8029
301.0,7408.6561
300.0,7477.9635
299.0,7392.3548
298.0,7501.4515
297.0,7310.1122
296.0,7561.8186
295.0,7415.1338
294.0,7539.4962
293.0,7636.361
292.0,7161.6506
291.0,7369.835
290.0,7532.769
289.0,7555.9658
288.0,7400.3183
287.0,7414.9586
286.0,7578.479
285.0,7578.9852
284.0,7527.6729
283.0,7226.2129
282.0,7567.6296
281.0,7213.0277
280.0,7306.4065
279.0,7255.8248
278.0,7088.7818
277.0,7298.0071
276.0,7320.6975
275.0,7208.9659
274.0,7348.7415
273.0,7349.5142
272.0,7320.6511
271.0,7267.8111
270.0,7462.3279
269.0,7596.9062
268.0,7292.6675
267.0,7230.8098
266.0,7468.6447
265.0,7271.1717
264.0,7299.8741
263.0,7193.7915
262.0,7324.5031
261.0,7436.7556
260.0,7206.7714
259.0,7126.7368
258.0,7142.7358
257.0,7096.6053
256.0,7249.763
255.0,6969.1923
254.0,6911.114
253.0,7179.5099
252.0,7005.3196
251.0,7199.2485
250.0,6953.4756
249.0,7036.43
248.0,7213.8759
247.0,7344.9616
246.0,7679.0431
245.0,7787.7701
244.0,8153.077
243.0,8446.2881
242.0,7477.0108
241.0,7274.5802
240.0,7284.366
239.0,7162.791
238.0,7038.8378
237.0,7128.185
236.0,6997.7086
235.0,7221.4335
234.0,7067.0279
233.0,6902.9146
232.0,7047.0467
231.0,7213.4219
230.0,7214.887
229.0,7292.5955
228.0,6999.7723
227.0,7291.3884
226.0,6897.5319
225.0,6779.4737
224.0,6650.9043
223.0,6678.6286
222.0,6849.5481
221.0,6830.1126
220.0,6721.8291
219.0,6666.0894
218.0,6753.2816
217.0,6924.0943
216.0,6807.1964
215.0,7039.0782
214.0,7316.9166
213.0,6906.7353
212.0,6992.3187
211.0,6936.4535
210.0,6973.2827
209.0,7001.128
208.0,7088.3911
207.0,7140.8446
206.0,6828.1493
205.0,6799.8441
204.0,6968.0074
203.0,7066.0968
202.0,7274.5949
201.0,7252.969
200.0,6947.1669
199.0,7087.6751
198.0,6880.9636
197.0,7053.3247
196.0,6881.4726
195.0,7105.1142
194.0,6969.0194
193.0,7094.6077
192.0,7064.9675
191.0,6830.9535
190.0,6867.4936
189.0,6927.8686
188.0,6877.9185
187.0,6852.8929
186.0,7059.0487
185.0,6833.4892
184.0,7481.0777
183.0,7335.297
182.0,7360.1669
181.0,7725.4071
180.0,7758.9658
179.0,7957.413
178.0,7747.7508
177.0,7606.1309
176.0,7493.4389
175.0,7240.7095
174.0,7309.5853
173.0,7166.2736
172.0,6803.3738
171.0,6699.0322
170.0,6453.2859
169.0,6265.3362
168.0,5927.389
167.0,5654.5602
166.0,5587.6778
165.0,5105.1648
164.0,5322.909
163.0,5245.1661
162.0,5243.8083
161.0,5381.4044
160.0,5794.2512
159.0,7185.8536
158.0,11438.684
157.0,20490.943
156.0,27961.738
155.0,22737.981
154.0,12941.782
153.0,7844.948
152.0,6089.6136
151.0,5666.5555
150.0,5085.397
149.0,4517.8192
148.0,4385.1685
147.0,4270.6238
146.0,4007.6421
145.0,3958.4797
144.0,3885.6128
143.0,3900.9578
142.0,3923.5973
141.0,3798.6335
140.0,3977.1399
139.0,3800.0933
138.0,3655.6733
137.0,3637.3111
136.0,3791.6733
135.0,3796.4923
134.0,3914.0308
133.0,4023.0835
132.0,3790.4754
131.0,3999.0769
130.0,4095.9186
129.0,4219.5221
128.0,4527.6955
127.0,4762.4676
126.0,4485.05
125.0,4364.9394
124.0,4042.0142
123.0,4194.1444
122.0,4145.9569
121.0,3535.785
120.0,3370.9414
119.0,3128.3655
118.0,3209.1787
117.0,2775.9973
116.0,2450.0562
115.0,2124.1454
114.0,2077.0985
113.0,1824.4742
112.0,1543.2374
111.0,1604.9514
110.0,1600.6617
109.0,1679.343
108.0,2202.4975
107.0,5534.1846
106.0,17700.086
105.0,31048.398
104.0,21838.257
103.0,7035.8559
102.0,2139.9998
101.0,1482.6216
100.0,1828.7966
99.0,1725.1983
98.0,1073.3154
97.0,867.34835
96.0,899.8055
95.0,883.45455
94.0,865.19964
93.0,818.82909
92.0,891.06484
91.0,1045.3642
90.0,1014.1558
89.0,996.90373
88.0,1174.8494
87.0,1137.9378
86.0,1144.8878
85.0,1087.7408
84.0,1018.3125
83.0,927.90813
82.0,1046.2588
81.0,1152.2989
80.0,1094.2243
79.0,1112.6539
78.0,896.75345
77.0,1060.3611
76.0,1301.0033
75.0,1080.6711
74.0,963.54449
73.0,1012.7025
72.0,960.72866
71.0,1071.5397
70.0,1181.7753
69.0,1114.5468
68.0,1139.3222
67.0,1026.3847
66.0,1035.5202
65.0,1000.523
64.0,1144.575
63.0,1145.2577
62.0,1096.4483
61.0,1068.6768
60.0,1131.2032
59.0,1115.4217
58.0,1033.5502
57.0,1166.4616
56.0,1178.7511
55.0,1228.8479
54.0,1333.2651
53.0,1394.4744
52.0,1404.3539
51.0,1380.0848
50.0,1334.6078
49.0,1468.3042
48.0,1352.479
47.0,1241.3942
46.0,1131.4705
45.0,1143.9575
44.0,1133.9367
43.0,1093.1206
42.0,936.24593
41.0,966.17483
40.0,990.14471
39.0,951.69836
38.0,1008.0198
37.0,994.48868
36.0,1051.4708
35.0,970.74827
34.0,960.42468
33.0,1197.0683
32.0,1126.1436
31.0,1388.941
30.0,1939.7785
29.0,2792.3941
28.0,3847.9584
27.0,4701.7549
26.0,4001.7042
25.0,2370.9636
24.0,1137.0713
23.0,592.08537
22.0,411.11769
21.0,332.06256
20.0,249.19115
19.0,226.54683
18.0,311.53676
17.0,649.10602
16.0,1100.4089
15.0,1120.847
14.0,1040.6698
13.0,998.19497
12.0,1050.2492
11.0,1201.8765
10.0,1201.9049
9.0,1019.6122
8.0,940.31837
7.0,544.38331
6.0,238.8471
5.0,190.83643
4.0,122.10794
3.0,76.081069
2.0,30.202285
1.0,17.749905
0.0,15.0411
