BE,counts/s
1300.0,6460.0998
1299.0,6507.2669
1298.0,6174.7269
1297.0,6345.5074
1296.0,6117.9348
1295.0,6252.93
1294.0,6002.9093
1293.0,6030.4137
1292.0,6194.245
1291.0,6017.564
1290.0,5508.6467
1289.0,5786.6055
1288.0,6255.0518
1287.0,6083.2648
1286.0,6136.8971
1285.0,5915.5591
1284.0,5597.0065
1283.0,5767.3796
1282.0,5524.2031
1281.0,5526.7383
1280.0,5769.2442
1279.0,5696.9834
1278.0,5655.3945
1277.0,5512.9715
1276.0,5470.0054
1275.0,5633.2222
1274.0,5918.6821
1273.0,6027.6967
1272.0,5986.1447
1271.0,5668.5726
1270.0,5654.1478
1269.0,5758.6991
1268.0,5593.612
1267.0,5716.9578
1266.0,5292.5416
1265.0,5207.7996
1264.0,5406.4212
1263.0,5287.5881
1262.0,5106.3784
1261.0,5041.729
1260.0,5016.813
1259.0,5069.3744
1258.0,5155.9951
1257.0,5252.9726
1256.0,5057.6928
1255.0,5032.4268
1254.0,4998.9845
1253.0,4774.3319
1252.0,4986.1493
1251.0,5145.0845
1250.0,4929.0598
1249.0,4998.4165
1248.0,4949.7528
1247.0,4670.9179
1246.0,4995.8528
1245.0,5160.1389
1244.0,5148.7678
1243.0,4883.4392
1242.0,4781.1059
1241.0,4962.1722
1240.0,4852.8945
1239.0,4781.6025
1238.0,5027.4765
1237.0,4882.7697
1236.0,5115.0637
1235.0,5034.5231
1234.0,5050.6092
1233.0,4880.4445
1232.0,4890.7859
1231.0,5026.9172
1230.0,5166.1807
1229.0,4989.2294
1228.0,5072.9803
1227.0,5003.7392
1226.0,4870.9358
1225.0,4917.8298
1224.0,5038.3026
1223.0,5025.9645
1222.0,5030.8769
1221.0,4878.0065
1220.0,4829.8785
1219.0,4759.3021
1218.0,4979.1386
1217.0,4992.8368
1216.0,4890.8912
1215.0,5054.2448
1214.0,4934.8587
1213.0,5069.011
1212.0,4914.3153
1211.0,4994.4823
1210.0,5085.5255
1209.0,4792.6641
1208.0,4922.7409
1207.0,4954.374
1206.0,4824.6028
1205.0,4861.2374
1204.0,4879.4289
1203.0,4677.2942
1202.0,4520.4849
1201.0,4598.4859
1200.0,4714.7522
1199.0,4818.9219
1198.0,4799.6602
1197.0,4641.8294
1196.0,4745.8668
1195.0,4531.0892
1194.0,5072.968
1193.0,4835.7435
1192.0,4841.952
1191.0,5093.5037
1190.0,4824.7392
1189.0,4663.0239
1188.0,4769.6954
1187.0,4765.9251
1186.0,4747.8816
1185.0,4802.4896
1184.0,4830.6361
1183.0,5019.1788
1182.0,4802.0177
1181.0,4632.1133
1180.0,4652.1041
1179.0,4677.0531
1178.0,4651.5645
1177.0,4944.6368
1176.0,4643.6868
1175.0,4804.3989
1174.0,4778.182
1173.0,4730.508
1172.0,4564.3617
1171.0,4750.5701
1170.0,4448.5077
1169.0,4791.3424
1168.0,4500.9086
1167.0,4676.9845
1166.0,4523.0305
1165.0,4533.7466
1164.0,4749.8032
1163.0,4828.9834
1162.0,4708.9022
1161.0,4724.2145
1160.0,4562.9467
1159.0,4398.1638
1158.0,4585.7224
1157.0,4517.4512
1156.0,4768.6821
1155.0,4602.7619
1154.0,4710.1765
1153.0,4887.3559
1152.0,4717.6499
1151.0,4569.0455
1150.0,4787.0888
1149.0,4699.3802
1148.0,4725.9018
1147.0,4885.77
1146.0,4683.489
1145.0,4650.633
1144.0,4651.5848
1143.0,4730.3783
1142.0,4789.9358
1141.0,4672.2341
1140.0,4552.5345
1139.0,4607.4049
1138.0,4546.6106
1137.0,4600.4282
1136.0,4601.3937
1135.0,4617.9937
1134.0,4766.7613
1133.0,4743.8025
1132.0,4725.6482
1131.0,4718.8361
1130.0,4773.4256
1129.0,4547.19
1128.0,4604.5323
1127.0,4562.858
1126.0,4638.9482
1125.0,4706.5571
1124.0,4830.141
1123.0,4672.5458
1122.0,4694.246
1121.0,4855.0579
1120.0,4654.892
1119.0,4780.8179
1118.0,4680.1364
1117.0,4824.8286
1116.0,4467.8748
1115.0,4627.0673
1114.0,4674.2317
1113.0,4495.4148
1112.0,4754.6262
1111.0,4770.9404
1110.0,4719.2995
1109.0,5104.8704
1108.0,4803.7889
1107.0,4780.6658
1106.0,5082.8983
1105.0,4909.2786
1104.0,4762.7842
1103.0,4699.8627
1102.0,4584.0163
1101.0,4540.4969
1100.0,4454.6057
1099.0,4873.8914
1098.0,4746.963
1097.0,4789.2558
1096.0,4849.1415
1095.0,4614.3989
1094.0,4669.1584
1093.0,4695.1876
1092.0,4632.8618
1091.0,4512.1119
1090.0,4652.1274
1089.0,4364.0858
1088.0,4696.8862
1087.0,4533.4898
1086.0,4655.663
1085.0,4595.0824
1084.0,4564.564
1083.0,4720.5943
1082.0,4633.4095
1081.0,4504.9503
1080.0,4598.8853
1079.0,4740.5973
1078.0,4764.753
1077.0,4612.3925
1076.0,4425.942
1075.0,4606.353
1074.0,4814.1523
1073.0,4940.9855
1072.0,4747.5199
1071.0,4642.9358
1070.0,4760.8911
1069.0,4702.8297
1068.0,4643.7199
1067.0,4761.6628
1066.0,4837.6481
1065.0,4715.3966
1064.0,4475.226
1063.0,4791.6648
1062.0,4836.3516
1061.0,4848.7917
1060.0,4805.9254
1059.0,4730.6186
1058.0,4613.2408
1057.0,4661.4927
1056.0,4749.7439
1055.0,4846.7894
1054.0,4918.8094
1053.0,4841.2972
1052.0,4816.3623
1051.0,4895.0538
1050.0,4772.3018
1049.0,4933.6452
1048.0,4883.9407
1047.0,4886.0798
1046.0,4948.8273
1045.0,4904.6192
1044.0,4991.5582
1043.0,5045.7116
1042.0,5013.3411
1041.0,4808.9743
1040.0,4962.1567
1039.0,4834.9865
1038.0,4991.8548
1037.0,4972.113
1036.0,4973.7441
1035.0,4825.6478
1034.0,4835.4218
1033.0,5014.9725
1032.0,5134.4908
1031.0,4769.6177
1030.0,5054.0352
1029.0,5089.1296
1028.0,4904.8685
1027.0,5033.3676
1026.0,5019.3869
1025.0,5200.0516
1024.0,5196.8498
1023.0,5112.196
1022.0,5076.256
1021.0,5252.8266
1020.0,5439.434
1019.0,5106.3052
1018.0,5083.947
1017.0,5355.2235
1016.0,5289.4276
1015.0,5565.8702
1014.0,5596.1742
1013.0,5560.7575
1012.0,5401.8233
1011.0,5024.8694
1010.0,5137.99
1009.0,5144.4971
1008.0,5169.1901
1007.0,5327.8982
1006.0,5374.8865
1005.0,5347.8094
1004.0,5237.3923
1003.0,5223.1545
1002.0,5363.3086
1001.0,5555.6852
1000.0,5849.2574
999.0,5639.7196
998.0,5742.3179
997.0,5954.7509
996.0,5706.8347
995.0,5626.4995
994.0,5532.3598
993.0,5874.6118
992.0,5818.1082
991.0,5518.7669
990.0,5637.4662
989.0,5222.8982
988.0,5125.3423
987.0,5245.0699
986.0,5379.5393
985.0,5518.0927
984.0,5518.7317
983.0,5267.8062
982.0,5458.69
981.0,5779.6329
980.0,5886.0977
979.0,6031.063
978.0,6338.8592
977.0,6240.6054
976.0,6450.5779
975.0,6070.495
974.0,5775.244
973.0,5357.5081
972.0,5373.929
971.0,5396.8211
970.0,5052.0206
969.0,4923.5141
968.0,4955.4484
967.0,4857.3063
966.0,4903.8662
965.0,4766.0355
964.0,4657.7625
963.0,4554.4325
962.0,4623.5962
961.0,4694.209
960.0,4411.0966
959.0,4347.8745
958.0,4329.9257
957.0,4646.8014
956.0,4533.8419
955.0,4517.8973
954.0,4699.3551
953.0,4386.7256
952.0,4445.2369
951.0,4533.3137
950.0,4540.7863
949.0,4364.8113
948.0,4560.8581
947.0,4547.7768
946.0,4508.9539
945.0,4422.7945
944.0,4515.9616
943.0,4502.1258
942.0,4680.9277
941.0,4642.0202
940.0,4354.5468
939.0,4508.6064
938.0,4737.4571
937.0,4700.1504
936.0,4718.9431
935.0,4868.3014
934.0,4545.7603
933.0,4610.2881
932.0,4651.9865
931.0,4750.064
930.0,4859.2859
929.0,4583.8546
928.0,4548.3556
927.0,4596.7265
926.0,4727.3684
925.0,4745.9871
924.0,4836.2397
923.0,4539.294
922.0,4734.0486
921.0,4809.921
920.0,4787.6963
919.0,4945.2923
918.0,4483.6191
917.0,4671.6386
916.0,4676.0509
915.0,4912.2547
914.0,5000.2216
913.0,4835.6281
912.0,4811.8175
911.0,4861.275
910.0,4850.3123
909.0,4869.7589
908.0,4935.0521
907.0,4930.4184
906.0,4816.8089
905.0,4837.1745
904.0,4950.2954
903.0,4698.5406
902.0,4795.4092
901.0,4867.0765
900.0,4891.1343
899.0,4979.7535
898.0,4851.4549
897.0,4782.4924
896.0,5074.827
895.0,4940.9436
894.0,4638.7059
893.0,4919.8244
892.0,4906.8028
891.0,4845.9645
890.0,4922.6531
889.0,4926.617
888.0,5053.4169
887.0,5271.7389
886.0,5223.3569
885.0,5053.4854
884.0,5081.071
883.0,4909.277
882.0,4952.8158
881.0,5088.8644
880.0,5233.7597
879.0,5071.7215
878.0,5327.7268
877.0,5203.9828
876.0,5242.8227
875.0,5202.2973
874.0,5216.551
873.0,5151.2802
872.0,5427.9708
871.0,5159.8036
870.0,5140.4149
869.0,5409.1599
868.0,5118.909
867.0,5119.2169
866.0,5111.5311
865.0,5399.8268
864.0,5497.7797
863.0,5365.388
862.0,5033.4735
861.0,5246.8498
860.0,5435.7633
859.0,5302.7016
858.0,5235.6983
857.0,5288.3095
856.0,5146.861
855.0,5272.5672
854.0,5229.117
853.0,5519.7552
852.0,5264.011
851.0,5554.8099
850.0,5313.9875
849.0,5157.6084
848.0,5259.2437
847.0,5487.0841
846.0,5535.5335
845.0,5555.6771
844.0,5216.4423
843.0,5355.4455
842.0,5426.1019
841.0,5689.4949
840.0,5723.9858
839.0,5794.4209
838.0,5535.8853
837.0,5432.7588
836.0,5575.8637
835.0,5535.4331
834.0,5323.7099
833.0,5311.3317
832.0,5318.5507
831.0,5352.0643
830.0,5631.3025
829.0,5627.7488
828.0,5680.0001
827.0,5388.1172
826.0,5226.5971
825.0,5617.0341
824.0,5430.7464
823.0,5091.9341
822.0,5341.2474
821.0,5594.93
820.0,5842.1626
819.0,5516.327
818.0,5689.0932
817.0,5703.269
816.0,5664.9496
815.0,5740.7046
814.0,5526.2558
813.0,5433.7105
812.0,5925.7513
811.0,5771.3573
810.0,5569.12
809.0,5719.8222
808.0,5575.1431
807.0,5463.2187
806.0,5697.4347
805.0,5816.097
804.0,5723.6403
803.0,5593.5764
802.0,5439.836
801.0,5873.5453
800.0,5953.1076
799.0,5818.3984
798.0,5628.827
797.0,5714.1985
796.0,5829.4961
795.0,5698.4066
794.0,6077.3525
793.0,5868.8354
792.0,5937.8455
791.0,5931.7251
790.0,5702.6458
789.0,5687.9155
788.0,5998.7622
787.0,5992.918
786.0,6269.3735
785.0,5840.6346
784.0,5915.1197
783.0,6016.9323
782.0,6006.3724
781.0,5943.3752
780.0,6049.5924
779.0,6221.4999
778.0,5914.3402
777.0,5855.9642
776.0,6073.6631
775.0,5949.6345
774.0,6104.2906
773.0,6036.4439
772.0,6067.9217
771.0,6159.7831
770.0,5962.5735
769.0,6287.7164
768.0,6335.4544
767.0,6110.9125
766.0,5969.2111
765.0,6165.1816
764.0,6006.5109
763.0,5924.7024
762.0,6220.2234
761.0,6321.1136
760.0,6131.5713
759.0,6198.7542
758.0,6240.3864
757.0,6114.7097
756.0,6263.7174
755.0,6081.997
754.0,6044.5028
753.0,6453.2504
752.0,6360.3646
751.0,5998.5636
750.0,6097.0347
749.0,6119.8707
748.0,6467.655
747.0,6308.0868
746.0,6229.2559
745.0,6350.7574
744.0,6191.6279
743.0,6294.4618
742.0,6379.4298
741.0,6363.5368
740.0,6394.4154
739.0,6285.1566
738.0,6253.3059
737.0,6424.7969
736.0,6244.5894
735.0,6537.707
734.0,6508.1042
733.0,6427.8373
732.0,6276.7391
731.0,6834.3767
730.0,6463.9283
729.0,6412.4281
728.0,6749.69
727.0,6600.6492
726.0,6625.0986
725.0,6596.0298
724.0,6530.5996
723.0,6574.097
722.0,6591.1509
721.0,6627.6243
720.0,6462.4966
719.0,6542.966
718.0,6433.7279
717.0,6428.2093
716.0,6781.7482
715.0,6534.1932
714.0,6687.2638
713.0,6448.5558
712.0,6390.0349
711.0,6472.887
710.0,6296.3681
709.0,6362.4724
708.0,6634.6511
707.0,6866.2693
706.0,6505.2452
705.0,6832.6989
704.0,6395.4867
703.0,6551.0887
702.0,6434.6614
701.0,6465.3456
700.0,6394.8282
699.0,6589.5219
698.0,6564.4722
697.0,6773.4086
696.0,6556.9942
695.0,6747.3526
694.0,6515.3251
693.0,6664.3352
692.0,6615.0335
691.0,6870.1614
690.0,6691.718
689.0,6766.0248
688.0,6715.3561
687.0,6735.4352
686.0,6714.3999
685.0,6590.9481
684.0,6818.712
683.0,6957.1871
682.0,6941.9633
681.0,6845.9505
680.0,6807.2105
679.0,6927.7017
678.0,7066.5294
677.0,7027.7274
676.0,6776.2753
675.0,7076.2726
674.0,6646.5888
673.0,6757.9276
672.0,6883.079
671.0,6612.664
670.0,6806.4632
669.0,7167.7277
668.0,6957.8722
667.0,7125.9052
666.0,6937.7563
665.0,6741.1382
664.0,6912.7348
663.0,6919.3266
662.0,6912.346
661.0,7028.5099
660.0,7018.147
659.0,6800.8894
658.0,6987.4919
657.0,7179.8251
656.0,7158.6239
655.0,7372.6134
654.0,6916.0328
653.0,7060.7152
652.0,7034.1109
651.0,6977.2749
650.0,7064.7612
649.0,7095.8623
648.0,7396.9421
647.0,7229.8207
646.0,7282.9188
645.0,7206.641
644.0,7018.9811
643.0,7134.3303
642.0,6969.8574
641.0,7063.1196
640.0,7185.78
639.0,6902.7893
638.0,7107.4572
637.0,7148.3383
636.0,7208.3809
635.0,7351.6961
634.0,7292.322
633.0,7486.2732
632.0,7458.6285
631.0,7309.6174
630.0,7190.362
629.0,7357.0876
628.0,7478.2742
627.0,7355.6255
626.0,7282.3955
625.0,7276.5274
624.0,7566.7023
623.0,7967.6139
622.0,7711.7639
621.0,7623.7412
620.0,7547.3519
619.0,7683.4048
618.0,7496.4588
617.0,7561.476
616.0,7545.821
615.0,7540.9888
614.0,7196.253
613.0,7504.3909
612.0,7522.965
611.0,7577.694
610.0,7601.116
609.0,7536.6268
608.0,7465.5216
607.0,7659.3138
606.0,7728.6725
605.0,7662.5206
604.0,7737.7835
603.0,7972.0454
602.0,8032.9168
601.0,7897.5514
600.0,7927.8387
599.0,8110.9451
598.0,7908.8814
597.0,8045.5497
596.0,7804.4006
595.0,7739.6334
594.0,7699.3034
593.0,8062.6234
592.0,8123.2257
591.0,8115.4113
590.0,8347.5725
589.0,7907.6233
588.0,8202.0256
587.0,7966.3574
586.0,7998.3181
585.0,8215.1693
584.0,8146.6759
583.0,8425.3524
582.0,8301.5621
581.0,8093.0345
580.0,8432.014
579.0,8147.851
578.0,7593.2732
577.0,7898.5
576.0,8358.2604
575.0,8162.2128
574.0,7984.0805
573.0,8253.4267
572.0,8145.8367
571.0,8325.2951
570.0,8538.4305
569.0,8591.5705
568.0,8296.902
567.0,8724.4045
566.0,8599.1006
565.0,8387.9262
564.0,8453.2482
563.0,8308.8203
562.0,8388.1737
561.0,8403.7981
560.0,8254.6562
559.0,8465.5676
558.0,8641.4378
557.0,8573.2342
556.0,8708.3026
555.0,8694.357
554.0,8927.5193
553.0,8671.997
552.0,8917.8644
551.0,8980.3577
550.0,9197.5852
549.0,9346.1857
548.0,9252.0487
547.0,9084.2892
546.0,8638.116
545.0,8692.666
544.0,8184.6867
543.0,8283.6994
542.0,8215.1047
541.0,7998.655
540.0,8133.2143
539.0,8193.9468
538.0,8441.7965
537.0,8371.6656
536.0,8168.6461
535.0,8496.8851
534.0,9366.5068
533.0,10930.934
532.0,15746.471
531.0,16603.095
530.0,9451.3081
529.0,8248.0432
528.0,7920.1871
527.0,7750.6302
526.0,7657.9129
525.0,7690.2115
524.0,7759.2396
523.0,7933.6881
522.0,7854.4653
521.0,7548.3559
520.0,8043.205
519.0,8123.1964
518.0,7889.8578
517.0,7659.4142
516.0,7729.8838
515.0,7468.9435
514.0,8125.4089
513.0,7868.1168
512.0,7817.4823
511.0,7759.2957
510.0,8018.7016
509.0,8045.2342
508.0,7964.2759
507.0,7787.3936
506.0,7809.4933
505.0,7932.3555
504.0,7872.4816
503.0,7759.0049
502.0,7830.3467
501.0,7985.2581
500.0,8147.7291
499.0,8227.6779
498.0,8404.9247
497.0,7953.5797
496.0,7767.4965
495.0,7933.8465
494.0,8184.676
493.0,7735.1057
492.0,7763.6772
491.0,8020.4014
490.0,8015.1038
489.0,8118.5832
488.0,8064.7139
487.0,8246.6614
486.0,8193.7373
485.0,8229.4965
484.0,8382.3613
483.0,7902.2807
482.0,8110.4283
481.0,8217.0914
480.0,8131.4409
479.0,8052.517
478.0,8119.1131
477.0,8313.9614
476.0,7988.2618
475.0,8033.7724
474.0,8204.1597
473.0,8390.728
472.0,8553.5737
471.0,8059.0689
470.0,8114.0719
469.0,8133.7213
468.0,8010.7184
467.0,7947.8032
466.0,8500.4615
465.0,8295.1096
464.0,8235.4107
463.0,8231.5893
462.0,8036.6727
461.0,7864.9684
460.0,8465.891
459.0,8468.3033
458.0,8297.604
457.0,8602.1185
456.0,8674.7703
455.0,8729.215
454.0,8610.9933
453.0,8713.6373
452.0,8463.9544
451.0,8317.1636
450.0,8218.431
449.0,8477.5224
448.0,8607.5339
447.0,8489.4652
446.0,8664.1709
445.0,8541.1883
444.0,8709.9982
443.0,8729.8317
442.0,8375.4356
441.0,8698.1418
440.0,8946.8512
439.0,8874.806
438.0,8818.9987
437.0,8874.951
436.0,8905.4333
435.0,8794.106
434.0,8796.5577
433.0,8662.2989
432.0,9073.8132
431.0,8944.6698
430.0,8861.42
429.0,8676.5842
428.0,8790.2533
427.0,9018.9737
426.0,8789.1687
425.0,8970.2242
424.0,8955.8264
423.0,8963.7853
422.0,9040.3436
421.0,8859.1655
420.0,9073.1205
419.0,8778.823
418.0,8944.9328
417.0,9088.1228
416.0,8932.4546
415.0,9135.224
414.0,8938.991
413.0,9223.6687
412.0,9372.8932
411.0,9318.3055
410.0,9214.1221
409.0,9134.8205
408.0,9073.1607
407.0,8985.2568
406.0,9463.6229
405.0,9389.6706
404.0,8866.8986
403.0,9345.7906
402.0,8728.4011
401.0,9148.5267
400.0,9014.8028
399.0,9107.9875
398.0,9416.5506
397.0,10353.954
396.0,9451.5283
395.0,9313.3661
394.0,9534.0774
393.0,9439.8397
392.0,9337.5565
391.0,9302.0083
390.0,9160.6511
389.0,8878.318
388.0,9087.8464
387.0,9230.3661
386.0,9139.1526
385.0,9162.7775
384.0,9438.5939
383.0,9512.8739
382.0,9037.7283
381.0,9293.9855
380.0,9390.3858
379.0,9076.1621
378.0,9629.2394
377.0,9345.1032
376.0,9455.326
375.0,9368.0213
374.0,9597.0539
373.0,9557.3365
372.0,9555.4492
371.0,9379.8527
370.0,9350.3491
369.0,9590.5043
368.0,9574.7855
367.0,9479.9215
366.0,9517.7595
365.0,9711.4191
364.0,9431.2778
363.0,9306.9123
362.0,9293.3115
361.0,9774.5569
360.0,9915.4993
359.0,9417.2296
358.0,9706.6165
357.0,9876.6054
356.0,10178.835
355.0,9919.3965
354.0,9496.8471
353.0,9377.1718
352.0,9918.924
351.0,9804.5652
350.0,10006.825
349.0,9554.1021
348.0,9878.7254
347.0,9859.2773
346.0,10041.369
345.0,10005.14
344.0,9938.8668
343.0,9945.2466
342.0,9971.02
341.0,9944.8056
340.0,10398.073
339.0,10470.729
338.0,10510.71
337.0,10066.82
336.0,10218.183
335.0,10140.604
334.0,10073.38
333.0,9637.9898
332.0,10148.777
331.0,9727.2971
330.0,9849.1784
329.0,9572.3258
328.0,9948.9535
327.0,10011.172
326.0,10028.086
325.0,10188.275
324.0,9934.0481
323.0,10002.977
322.0,10428.812
321.0,11381.629
320.0,11874.376
319.0,11810.267
318.0,11228.123
317.0,10369.193
316.0,9967.9824
315.0,9932.5478
314.0,9804.3628
313.0,9896.3468
312.0,10133.467
311.0,9804.7544
310.0,9765.8424
309.0,10001.141
308.0,10235.305
307.0,10134.362
306.0,10012.904
305.0,10049.447
304.0,10054.421
303.0,9819.2275
302.0,9642.8022
301.0,9937.8131
300.0,10094.218
299.0,9735.55
298.0,10195.372
297.0,10056.1
296.0,9967.4235
295.0,9793.0794
294.0,10251.225
293.0,10341.423
292.0,10238.947
291.0,10411.069
290.0,10214.869
289.0,10200.722
288.0,10618.118
287.0,10251.766
286.0,10306.083
285.0,10212.573
284.0,10600.615
283.0,11258.053
282.0,10992.137
281.0,10588.708
280.0,10934.702
279.0,10839.049
278.0,10929.181
277.0,10993.097
276.0,10647.533
275.0,10457.354
274.0,10449.4
273.0,10681.59
272.0,10819.986
271.0,10669.86
270.0,10607.516
269.0,10707.312
268.0,10711.789
267.0,10577.756
266.0,11332.256
265.0,10772.349
264.0,11152.98
263.0,11799.949
262.0,11626.496
261.0,11348.989
260.0,11765.333
259.0,11678.761
258.0,11375.497
257.0,11184.184
256.0,11188.225
255.0,10937.926
254.0,11046.224
253.0,11215.368
252.0,10731.516
251.0,10392.147
250.0,10666.323
249.0,10611.384
248.0,10543.717
247.0,10953.563
246.0,10879.65
245.0,12323.657
244.0,14882.657
243.0,14433.175
242.0,17746.824
241.0,12893.408
240.0,10763.554
239.0,10530.132
238.0,10431.425
237.0,10434.956
236.0,10582.956
235.0,10846.98
234.0,10917.844
233.0,10405.368
232.0,10771.649
231.0,11222.009
230.0,11201.86
229.0,10772.937
228.0,11402.279
227.0,11940.485
226.0,11016.568
225.0,11262.501
224.0,10843.861
223.0,11112.057
222.0,11244.288
221.0,11303.442
220.0,11508.066
219.0,10965.273
218.0,11295.303
217.0,11131.944
216.0,10801.476
215.0,11066.141
214.0,11119.81
213.0,11567.359
212.0,11168.353
211.0,11102.397
210.0,11529.85
209.0,11629.138
208.0,11660.662
207.0,11623.591
206.0,11615.208
205.0,11712.648
204.0,11662.284
203.0,12151.916
202.0,12318.7
201.0,11997.016
200.0,12298.956
199.0,12299.422
198.0,11985.323
197.0,11916.882
196.0,12121.297
195.0,11831.783
194.0,11620.152
193.0,11996.877
192.0,12520.34
191.0,12677.531
190.0,12545.975
189.0,13055.007
188.0,13572.582
187.0,13266.568
186.0,14071.403
185.0,13689.016
184.0,13729.339
183.0,13980.225
182.0,13258.92
181.0,12866.877
180.0,12864.295
179.0,12774.047
178.0,12616.293
177.0,12656.413
176.0,12240.961
175.0,12548.485
174.0,12624.18
173.0,12966.32
172.0,13878.078
171.0,14722.235
170.0,16025.364
169.0,17883.986
168.0,17268.058
167.0,16580.935
166.0,15818.15
165.0,14046.374
164.0,13262.578
163.0,12310.404
162.0,11493.026
161.0,11202.124
160.0,10985.935
159.0,10323.933
158.0,10402.419
157.0,10125.875
156.0,10805.9
155.0,11123.4
154.0,11823.515
153.0,14669.396
152.0,23041.734
151.0,41959.14
150.0,36216.62
149.0,14709.112
148.0,9419.3896
147.0,8124.9932
146.0,7402.7183
145.0,7158.8758
144.0,7096.6321
143.0,6862.4122
142.0,6698.0064
141.0,6850.87
140.0,7086.7793
139.0,7304.3842
138.0,7533.6731
137.0,7646.2533
136.0,7989.8731
135.0,7891.4457
134.0,7630.7906
133.0,7953.8752
132.0,8035.8576
131.0,7214.9552
130.0,6947.4428
129.0,7020.461
128.0,6783.39
127.0,6308.6035
126.0,6480.7386
125.0,6649.2214
124.0,6592.3987
123.0,6422.7087
122.0,6870.4056
121.0,7323.3004
120.0,7836.7514
119.0,8949.896
118.0,10247.181
117.0,11028.49
116.0,10828.065
115.0,9534.6959
114.0,7958.5555
113.0,6703.6232
112.0,6058.2166
111.0,5277.8729
110.0,4650.2657
109.0,4440.6179
108.0,4146.4211
107.0,3787.5132
106.0,3544.0567
105.0,3622.3362
104.0,3752.1619
103.0,4098.0667
102.0,5386.7714
101.0,10422.833
100.0,33166.256
99.0,38799.485
98.0,6410.7941
97.0,1058.8218
96.0,747.9556
95.0,746.44067
94.0,667.14099
93.0,673.166
92.0,630.58501
91.0,642.78047
90.0,630.11848
89.0,620.53772
88.0,637.79146
87.0,699.65756
86.0,662.17025
85.0,706.55492
84.0,655.18147
83.0,612.93999
82.0,704.41258
81.0,681.62357
80.0,606.54935
79.0,637.13721
78.0,674.29723
77.0,630.30012
76.0,623.7947
75.0,698.11032
74.0,707.27014
73.0,608.64004
72.0,662.98207
71.0,778.82447
70.0,675.65091
69.0,631.4218
68.0,620.59586
67.0,676.5308
66.0,726.77615
65.0,720.10655
64.0,781.26017
63.0,742.73118
62.0,778.71001
61.0,708.05239
60.0,685.79137
59.0,760.30401
58.0,836.53764
57.0,797.02287
56.0,808.52827
55.0,893.9152
54.0,781.06331
53.0,814.17203
52.0,860.073
51.0,870.34263
50.0,839.29562
49.0,810.61732
48.0,839.57715
47.0,894.09394
46.0,804.82722
45.0,986.27604
44.0,953.18511
43.0,873.99279
42.0,863.61091
41.0,960.61595
40.0,949.46033
39.0,864.56405
38.0,979.56509
37.0,954.06116
36.0,884.69576
35.0,906.76083
34.0,836.41247
33.0,846.76648
32.0,891.95866
31.0,748.51524
30.0,887.19455
29.0,915.87771
28.0,1050.6674
27.0,977.14487
26.0,1091.4166
25.0,1257.3829
24.0,1371.504
23.0,1637.7321
22.0,1528.3066
21.0,960.65988
20.0,812.36688
19.0,750.8921
18.0,669.39888
17.0,564.05502
16.0,571.49613
15.0,506.62969
14.0,504.90259
13.0,759.31135
12.0,935.95894
11.0,937.80446
10.0,1508.5231
9.0,1940.8194
8.0,1304.21
7.0,964.40155
6.0,824.91675
5.0,883.12966
4.0,904.20282
3.0,946.55802
2.0,839.02629
1.0,478.65048
0.0,106.74881
