BE,counts/s
1300.0,16000.999
1299.0,15977.876
1298.0,16477.235
1297.0,16167.796
1296.0,16075.972
1295.0,16324.474
1294.0,16299.073
1293.0,16293.852
1292.0,16468.305
1291.0,16935.686
1290.0,16547.591
1289.0,16486.268
1288.0,16501.201
1287.0,16306.211
1286.0,16973.53
1285.0,16582.695
1284.0,16186.777
1283.0,16678.696
1282.0,16266.121
1281.0,16240.985
1280.0,16350.715
1279.0,16847.033
1278.0,16342.474
1277.0,16578.075
1276.0,16768.553
1275.0,16687.484
1274.0,16878.52
1273.0,16843.056
1272.0,16749.617
1271.0,16363.136
1270.0,16933.962
1269.0,17154.116
1268.0,16778.553
1267.0,16713.514
1266.0,17350.416
1265.0,17169.019
1264.0,16770.56
1263.0,16746.052
1262.0,16269.139
1261.0,16143.294
1260.0,17060.091
1259.0,16838.285
1258.0,16993.536
1257.0,17013.783
1256.0,16851.673
1255.0,17293.202
1254.0,17688.868
1253.0,17271.602
1252.0,17442.701
1251.0,17553.725
1250.0,17996.823
1249.0,17897.584
1248.0,17838.189
1247.0,17835.103
1246.0,17585.174
1245.0,17961.502
1244.0,17853.372
1243.0,17940.48
1242.0,17845.669
1241.0,18073.874
1240.0,18405.996
1239.0,17767.296
1238.0,18021.735
1237.0,18005.272
1236.0,17894.23
1235.0,17951.014
1234.0,18236.508
1233.0,17897.306
1232.0,18217.179
1231.0,19067.3
1230.0,19126.381
1229.0,19172.091
1228.0,19241.705
1227.0,19406.917
1226.0,18988.207
1225.0,19065.916
1224.0,18271.28
1223.0,18399.378
1222.0,18242.877
1221.0,17730.862
1220.0,17353.323
1219.0,16706.682
1218.0,17431.918
1217.0,17016.09
1216.0,16652.244
1215.0,16132.58
1214.0,15635.741
1213.0,15556.403
1212.0,15737.185
1211.0,15615.718
1210.0,15666.612
1209.0,15669.653
1208.0,15526.193
1207.0,15322.946
1206.0,15093.625
1205.0,15399.446
1204.0,15012.077
1203.0,15137.817
1202.0,15374.142
1201.0,15272.579
1200.0,15274.426
1199.0,15562.025
1198.0,15625.866
1197.0,15468.495
1196.0,15707.129
1195.0,15976.448
1194.0,15528.894
1193.0,15594.638
1192.0,15602.133
1191.0,15726.924
1190.0,15324.335
1189.0,15640.613
1188.0,15495.666
1187.0,15493.063
1186.0,15521.977
1185.0,15604.082
1184.0,15715.549
1183.0,15239.707
1182.0,15295.727
1181.0,15258.868
1180.0,15812.1
1179.0,15722.975
1178.0,15686.225
1177.0,15797.511
1176.0,15200.991
1175.0,15218.639
1174.0,15629.361
1173.0,15759.211
1172.0,15559.959
1171.0,15691.49
1170.0,15705.379
1169.0,16072.244
1168.0,15523.223
1167.0,15248.927
1166.0,15734.934
1165.0,15562.977
1164.0,15088.053
1163.0,15161.937
1162.0,15751.862
1161.0,15851.521
1160.0,15838.151
1159.0,16457.704
1158.0,15707.703
1157.0,15469.209
1156.0,15425.006
1155.0,15755.848
1154.0,15548.609
1153.0,15356.119
1152.0,16411.433
1151.0,16216.291
1150.0,15674.666
1149.0,16132.658
1148.0,16070.617
1147.0,15827.437
1146.0,15952.23
1145.0,15696.51
1144.0,15932.697
1143.0,15918.351
1142.0,16134.076
1141.0,15552.547
1140.0,15409.279
1139.0,15623.889
1138.0,15565.873
1137.0,15184.358
1136.0,15402.137
1135.0,15904.854
1134.0,15952.54
1133.0,16221.288
1132.0,15911.123
1131.0,15678.219
1130.0,15922.446
1129.0,15929.047
1128.0,15919.844
1127.0,16096.167
1126.0,16365.003
1125.0,15904.538
1124.0,16046.82
1123.0,15882.799
1122.0,16255.206
1121.0,15663.46
1120.0,16009.065
1119.0,16387.552
1118.0,16010.453
1117.0,15830.993
1116.0,16112.188
1115.0,16231.384
1114.0,15882.455
1113.0,16390.244
1112.0,16436.761
1111.0,16333.797
1110.0,16931.677
1109.0,16196.753
1108.0,16026.005
1107.0,16119.158
1106.0,16020.943
1105.0,16054.331
1104.0,16047.643
1103.0,15847.179
1102.0,15910.588
1101.0,16279.055
1100.0,16655.8
1099.0,16081.99
1098.0,16217.504
1097.0,16449.051
1096.0,16370.832
1095.0,16344.005
1094.0,16269.047
1093.0,16680.53
1092.0,16476.053
1091.0,16428.386
1090.0,16441.887
1089.0,16511.046
1088.0,16057.507
1087.0,16331.032
1086.0,16344.583
1085.0,16206.096
1084.0,16612.119
1083.0,16651.814
1082.0,16715.037
1081.0,16573.416
1080.0,16449.538
1079.0,16536.126
1078.0,16558.644
1077.0,16352.992
1076.0,16479.899
1075.0,16629.827
1074.0,16955.764
1073.0,18205.367
1072.0,17843.297
1071.0,16762.919
1070.0,16079.008
1069.0,16603.085
1068.0,16626.403
1067.0,16554.809
1066.0,17087.226
1065.0,16733.609
1064.0,16987.117
1063.0,17152.478
1062.0,16978.801
1061.0,16375.489
1060.0,16354.325
1059.0,16673.459
1058.0,16631.01
1057.0,16268.334
1056.0,16320.593
1055.0,16815.224
1054.0,16595.206
1053.0,17305.114
1052.0,16909.086
1051.0,16926.947
1050.0,16803.929
1049.0,16581.12
1048.0,16664.013
1047.0,16623.653
1046.0,16998.433
1045.0,17222.291
1044.0,17109.134
1043.0,16703.542
1042.0,16629.956
1041.0,17024.322
1040.0,17305.272
1039.0,17274.952
1038.0,17215.288
1037.0,16922.502
1036.0,16846.135
1035.0,17462.992
1034.0,17302.868
1033.0,17471.068
1032.0,17201.14
1031.0,17164.151
1030.0,17176.12
1029.0,17373.613
1028.0,17332.295
1027.0,17213.388
1026.0,17263.017
1025.0,17534.106
1024.0,17607.232
1023.0,17353.128
1022.0,17645.324
1021.0,17287.882
1020.0,17463.365
1019.0,17708.605
1018.0,17719.564
1017.0,17856.126
1016.0,17878.974
1015.0,17139.103
1014.0,16526.665
1013.0,16849.282
1012.0,16948.732
1011.0,17248.747
1010.0,16307.779
1009.0,16350.649
1008.0,16835.756
1007.0,16847.048
1006.0,17524.412
1005.0,18010.413
1004.0,18297.493
1003.0,18493.165
1002.0,19222.212
1001.0,18961.226
1000.0,17944.893
999.0,17598.781
998.0,16301.094
997.0,16658.604
996.0,16511.989
995.0,15959.155
994.0,15314.365
993.0,14770.773
992.0,14964.267
991.0,14783.402
990.0,14296.661
989.0,14447.936
988.0,14248.597
987.0,14308.168
986.0,14884.971
985.0,16111.166
984.0,17176.257
983.0,17809.375
982.0,19159.076
981.0,20853.862
980.0,21226.062
979.0,19701.291
978.0,17792.306
977.0,15941.199
976.0,14670.752
975.0,13873.923
974.0,12993.244
973.0,12312.462
972.0,11898.506
971.0,11339.285
970.0,10618.739
969.0,9906.4167
968.0,9472.4975
967.0,10018.164
966.0,9534.6451
965.0,9649.8321
964.0,9618.4135
963.0,9556.7973
962.0,9777.525
961.0,9674.9425
960.0,9681.8338
959.0,9619.8751
958.0,9368.7185
957.0,9450.7122
956.0,9574.7449
955.0,9538.5502
954.0,9372.6106
953.0,9061.681
952.0,9138.0155
951.0,9456.051
950.0,9598.4743
949.0,9517.4905
948.0,9438.5766
947.0,9693.56
946.0,9665.1683
945.0,9411.4756
944.0,9470.4672
943.0,9645.9474
942.0,9833.1493
941.0,9854.0299
940.0,9778.9051
939.0,9800.6377
938.0,9510.5889
937.0,9680.9568
936.0,9667.4637
935.0,9754.5358
934.0,9706.2741
933.0,9525.3589
932.0,9970.9934
931.0,9797.9768
930.0,10247.746
929.0,9515.0195
928.0,9793.3391
927.0,9814.4636
926.0,9665.6581
925.0,9934.2139
924.0,10062.309
923.0,10180.847
922.0,10268.232
921.0,10179.653
920.0,10273.493
919.0,10474.851
918.0,10197.285
917.0,10339.512
916.0,10303.869
915.0,10496.543
914.0,10044.769
913.0,10326.099
912.0,10071.474
911.0,10595.218
910.0,10412.726
909.0,10253.572
908.0,10316.072
907.0,10619.3
906.0,10070.024
905.0,10548.564
904.0,10171.814
903.0,10633.455
902.0,10875.477
901.0,10855.548
900.0,10578.129
899.0,10291.888
898.0,10794.174
897.0,10797.756
896.0,10587.001
895.0,10945.396
894.0,10722.43
893.0,10711.443
892.0,11004.68
891.0,10757.601
890.0,10820.991
889.0,10819.183
888.0,10843.067
887.0,10768.11
886.0,10870.382
885.0,11056.5
884.0,10887.868
883.0,10991.568
882.0,10793.04
881.0,10938.414
880.0,10817.376
879.0,10928.776
878.0,11027.148
877.0,11010.936
876.0,11151.871
875.0,11226.176
874.0,11119.106
873.0,11024.101
872.0,10620.069
871.0,11143.322
870.0,10887.688
869.0,11394.962
868.0,11126.286
867.0,11197.834
866.0,11579.526
865.0,11079.975
864.0,11376.693
863.0,11015.762
862.0,10951.821
861.0,11018.347
860.0,11528.446
859.0,11248.392
858.0,11432.933
857.0,11584.432
856.0,11579.593
855.0,11757.722
854.0,11387.286
853.0,11473.997
852.0,11725.714
851.0,11273.402
850.0,11508.694
849.0,11852.344
848.0,11367.751
847.0,11688.685
846.0,11686.852
845.0,11642.401
844.0,12016.538
843.0,11884.42
842.0,11866.286
841.0,12018.637
840.0,12119.835
839.0,12089.648
838.0,11573.37
837.0,11578.175
836.0,11990.214
835.0,11998.005
834.0,11858.539
833.0,11987.943
832.0,12206.485
831.0,12141.166
830.0,12186.096
829.0,12216.206
828.0,11922.298
827.0,11762.784
826.0,12000.349
825.0,12152.385
824.0,11829.552
823.0,12096.704
822.0,12062.344
821.0,12229.899
820.0,12472.013
819.0,12186.463
818.0,12194.213
817.0,12207.955
816.0,12172.974
815.0,12093.504
814.0,12646.607
813.0,12379.081
812.0,12750.942
811.0,12640.302
810.0,12582.268
809.0,12899.951
808.0,13087.503
807.0,12709.158
806.0,12569.942
805.0,12555.494
804.0,12646.762
803.0,12892.397
802.0,12504.299
801.0,12254.139
800.0,12329.8
799.0,12857.065
798.0,12703.916
797.0,12600.304
796.0,12527.584
795.0,12432.143
794.0,12523.751
793.0,12628.927
792.0,12696.245
791.0,12743.732
790.0,13291.841
789.0,13280.749
788.0,12998.383
787.0,12945.608
786.0,12844.134
785.0,13037.616
784.0,12802.832
783.0,13295.472
782.0,13067.298
781.0,12767.915
780.0,13142.499
779.0,13471.306
778.0,13337.216
777.0,12977.282
776.0,13277.018
775.0,13033.805
774.0,13290.458
773.0,13296.384
772.0,13588.54
771.0,13262.913
770.0,13681.357
769.0,13612.946
768.0,13540.72
767.0,13470.277
766.0,13395.075
765.0,13220.677
764.0,13443.93
763.0,13736.019
762.0,14102.618
761.0,13610.597
760.0,13489.043
759.0,13808.971
758.0,13599.748
757.0,13246.309
756.0,13424.498
755.0,13514.497
754.0,13955.712
753.0,13945.341
752.0,14230.58
751.0,14052.75
750.0,14001.42
749.0,13882.911
748.0,13829.31
747.0,13796.706
746.0,13898.778
745.0,14115.428
744.0,14065.547
743.0,13800.112
742.0,13724.528
741.0,14042.567
740.0,14237.84
739.0,14220.823
738.0,14045.089
737.0,14555.218
736.0,14576.674
735.0,14607.685
734.0,14401.741
733.0,14039.517
732.0,14314.846
731.0,14083.137
730.0,14410.448
729.0,14110.002
728.0,14457.431
727.0,14122.269
726.0,14387.911
725.0,14403.603
724.0,14248.692
723.0,14325.107
722.0,14595.566
721.0,14528.453
720.0,14238.317
719.0,14568.458
718.0,14231.315
717.0,14786.039
716.0,14941.573
715.0,14978.245
714.0,15095.017
713.0,14563.828
712.0,14519.583
711.0,14842.67
710.0,14676.311
709.0,15011.641
708.0,14804.119
707.0,14773.023
706.0,15184.115
705.0,15152.866
704.0,14854.143
703.0,15220.581
702.0,14682.367
701.0,14674.019
700.0,14844.068
699.0,14793.448
698.0,15021.163
697.0,14977.006
696.0,14819.801
695.0,14887.973
694.0,15062.258
693.0,15164.604
692.0,14879.895
691.0,14913.323
690.0,14918.889
689.0,15672.958
688.0,15657.387
687.0,15227.079
686.0,15287.769
685.0,15029.525
684.0,15537.767
683.0,15083.159
682.0,15643.054
681.0,15064.072
680.0,15440.309
679.0,15882.305
678.0,15443.008
677.0,15250.168
676.0,15467.294
675.0,15349.027
674.0,15436.166
673.0,15601.305
672.0,15804.967
671.0,15741.169
670.0,15701.042
669.0,16075.681
668.0,15673.489
667.0,15938.911
666.0,16055.494
665.0,16025.149
664.0,15287.134
663.0,16137.224
662.0,16013.255
661.0,15679.092
660.0,15557.89
659.0,15953.795
658.0,16254.921
657.0,15973.753
656.0,16238.931
655.0,16458.35
654.0,15650.132
653.0,15810.68
652.0,15791.679
651.0,15678.403
650.0,15890.242
649.0,16394.769
648.0,16333.444
647.0,16270.74
646.0,16335.024
645.0,16125.926
644.0,16177.82
643.0,16046.772
642.0,16911.677
641.0,16674.664
640.0,16697.682
639.0,16471.13
638.0,16396.334
637.0,16195.808
636.0,16558.857
635.0,16507.002
634.0,16479.326
633.0,16833.291
632.0,16636.624
631.0,16304.784
630.0,16384.365
629.0,16708.647
628.0,16695.077
627.0,16643.348
626.0,17052.113
625.0,16940.456
624.0,16717.808
623.0,16558.014
622.0,16606.728
621.0,17047.924
620.0,16789.365
619.0,16979.413
618.0,17115.796
617.0,16441.562
616.0,16857.092
615.0,16743.608
614.0,17002.319
613.0,17184.188
612.0,16754.438
611.0,17124.973
610.0,17008.843
609.0,17122.605
608.0,17494.758
607.0,17450.845
606.0,17439.445
605.0,17280.326
604.0,17665.243
603.0,17344.102
602.0,16949.658
601.0,17274.163
600.0,17190.588
599.0,17422.95
598.0,17159.031
597.0,16913.608
596.0,17719.472
595.0,17645.249
594.0,16983.066
593.0,17495.991
592.0,17357.538
591.0,17133.162
590.0,17470.848
589.0,18001.0
588.0,17878.208
587.0,17206.639
586.0,17395.889
585.0,18104.015
584.0,17811.698
583.0,17974.714
582.0,18502.828
581.0,17851.862
580.0,17679.769
579.0,17427.968
578.0,17425.136
577.0,17543.135
576.0,17882.883
575.0,17736.188
574.0,17128.503
573.0,17344.393
572.0,17288.739
571.0,16794.334
570.0,16578.69
569.0,16480.028
568.0,16049.606
567.0,16095.692
566.0,16404.27
565.0,16615.617
564.0,17009.683
563.0,17071.325
562.0,17929.228
561.0,18307.194
560.0,18821.64
559.0,19229.664
558.0,19765.087
557.0,20348.753
556.0,20844.128
555.0,20476.787
554.0,19656.658
553.0,18052.461
552.0,17074.965
551.0,16522.989
550.0,16080.181
549.0,15318.363
548.0,14080.307
547.0,13453.826
546.0,12397.95
545.0,11588.773
544.0,10289.676
543.0,8861.1879
542.0,7635.924
541.0,7311.4187
540.0,7077.4049
539.0,6805.1388
538.0,7054.9432
537.0,7865.5776
536.0,10842.905
535.0,25763.967
534.0,76419.14
533.0,93293.046
532.0,37533.287
531.0,11784.675
530.0,7508.899
529.0,6376.4308
528.0,5954.3183
527.0,5470.693
526.0,5728.26
525.0,5717.2097
524.0,5665.1338
523.0,5843.5237
522.0,5875.9427
521.0,5713.1289
520.0,5752.3549
519.0,5489.5317
518.0,5305.6299
517.0,5507.3706
516.0,5559.8148
515.0,5710.889
514.0,5416.0834
513.0,5775.5774
512.0,5840.5025
511.0,5475.2276
510.0,5590.3157
509.0,5517.1338
508.0,5674.3461
507.0,5692.1722
506.0,5480.0611
505.0,5652.0778
504.0,5424.3438
503.0,5521.0566
502.0,5566.5377
501.0,5333.1071
500.0,5815.702
499.0,6573.2324
498.0,6689.7018
497.0,6102.7567
496.0,5598.4028
495.0,5586.1798
494.0,5403.1871
493.0,5700.4448
492.0,5409.1175
491.0,5222.0335
490.0,5564.9626
489.0,5536.031
488.0,5660.7587
487.0,5562.6089
486.0,5452.5543
485.0,5629.241
484.0,5540.3237
483.0,5589.1442
482.0,5519.5608
481.0,5529.9058
480.0,5349.3229
479.0,5490.5648
478.0,5878.4978
477.0,5526.7699
476.0,5582.6579
475.0,5549.4158
474.0,5837.067
473.0,5675.3465
472.0,5529.6894
471.0,5731.9752
470.0,5770.9558
469.0,5599.8813
468.0,5693.278
467.0,5660.2853
466.0,5810.5327
465.0,5692.8143
464.0,5477.0037
463.0,5678.6641
462.0,5636.748
461.0,5629.7018
460.0,5633.9714
459.0,5765.569
458.0,5580.6409
457.0,5743.4112
456.0,5834.5333
455.0,5703.5068
454.0,5681.7157
453.0,5850.7562
452.0,5738.7667
451.0,5641.3723
450.0,5886.6101
449.0,5895.6285
448.0,6001.6702
447.0,5653.8236
446.0,5664.8024
445.0,6042.0125
444.0,5672.7426
443.0,5723.1638
442.0,5931.8327
441.0,5755.718
440.0,5994.9038
439.0,6033.3969
438.0,5797.692
437.0,5669.1371
436.0,5753.6795
435.0,5960.4581
434.0,5891.312
433.0,6038.9346
432.0,5768.3845
431.0,5961.9
430.0,5759.4616
429.0,5691.989
428.0,5662.558
427.0,6062.8824
426.0,6076.0843
425.0,5832.7155
424.0,5518.6784
423.0,5788.5022
422.0,5653.4634
421.0,5715.0665
420.0,5826.9361
419.0,5381.1132
418.0,5604.1522
417.0,5770.4081
416.0,5855.118
415.0,5718.6819
414.0,5578.0005
413.0,5825.9653
412.0,5856.8441
411.0,5673.6686
410.0,5969.2288
409.0,5864.4254
408.0,5568.8004
407.0,5747.1466
406.0,5860.9982
405.0,5771.9247
404.0,5830.0796
403.0,5881.7582
402.0,6013.3324
401.0,5965.9415
400.0,6472.0375
399.0,6096.4048
398.0,6069.2053
397.0,5657.6202
396.0,5898.0449
395.0,6201.6654
394.0,5942.3771
393.0,5677.7676
392.0,5746.9504
391.0,5768.1944
390.0,5839.5256
389.0,5745.5005
388.0,5764.4178
387.0,6015.4009
386.0,5882.0977
385.0,5717.3417
384.0,5797.4303
383.0,5899.7055
382.0,6003.133
381.0,6013.8379
380.0,5904.3224
379.0,5988.3878
378.0,6130.7451
377.0,6317.9173
376.0,6078.1401
375.0,5924.5151
374.0,5842.9808
373.0,5993.3382
372.0,6077.9237
371.0,5863.8943
370.0,5918.8221
369.0,5852.5317
368.0,5933.0949
367.0,6385.4008
366.0,6621.0221
365.0,5971.552
364.0,6111.3866
363.0,6090.4155
362.0,5894.7192
361.0,5852.7146
360.0,5861.2854
359.0,6007.3346
358.0,6192.1893
357.0,6010.7114
356.0,5970.2463
355.0,6030.2744
354.0,6249.0998
353.0,6148.4963
352.0,6317.8387
351.0,6148.7425
350.0,6419.1354
349.0,6575.8607
348.0,7009.4551
347.0,6603.5843
346.0,6469.9313
345.0,6223.3884
344.0,5945.6585
343.0,6165.991
342.0,6288.0893
341.0,6310.1256
340.0,6089.8819
339.0,6124.7777
338.0,6289.0304
337.0,6265.3995
336.0,6341.8509
335.0,6403.9462
334.0,6562.3505
333.0,6310.7877
332.0,6221.9415
331.0,6172.5814
330.0,6010.8357
329.0,6016.6376
328.0,6202.6039
327.0,6179.1229
326.0,6536.237
325.0,6251.2128
324.0,6193.3897
323.0,6388.3785
322.0,6711.3734
321.0,6739.5676
320.0,6790.7724
319.0,6331.7817
318.0,6917.44
317.0,6830.6949
316.0,6672.7267
315.0,6722.2511
314.0,6565.8506
313.0,6655.0212
312.0,6766.7123
311.0,6829.0974
310.0,6789.2381
309.0,6869.4392
308.0,6827.5386
307.0,6852.0516
306.0,6980.7336
305.0,6885.4641
304.0,6518.6192
303.0,6676.3077
302.0,6645.6233
301.0,6476.1154
300.0,6452.3668
299.0,6628.7595
298.0,6366.4482
297.0,6398.4052
296.0,6397.9901
295.0,6547.4916
294.0,6629.9321
293.0,6368.1099
292.0,6057.4163
291.0,6161.5135
290.0,6451.7233
289.0,7001.3396
288.0,7484.0061
287.0,9944.7555
286.0,18306.159
285.0,21266.842
284.0,10920.656
283.0,6339.2617
282.0,5771.8577
281.0,5838.8703
280.0,5833.6592
279.0,5510.6426
278.0,5500.1248
277.0,5708.8644
276.0,5699.4752
275.0,5533.4962
274.0,5409.5256
273.0,5640.4674
272.0,5683.7939
271.0,5837.4245
270.0,5879.9504
269.0,5671.9289
268.0,5705.8584
267.0,5513.3143
266.0,5416.0498
265.0,5815.4157
264.0,5632.9144
263.0,5541.9337
262.0,5381.4226
261.0,5342.6968
260.0,5573.7734
259.0,5534.2665
258.0,5558.0238
257.0,5414.2721
256.0,5546.2648
255.0,5569.7447
254.0,5474.7196
253.0,5486.7389
252.0,5488.9411
251.0,5592.1626
250.0,5618.0912
249.0,5523.9902
248.0,5666.6083
247.0,5614.6481
246.0,5583.739
245.0,5698.9254
244.0,5562.5314
243.0,5760.118
242.0,5811.786
241.0,5646.9652
240.0,5634.4162
239.0,5528.0079
238.0,5717.0951
237.0,5572.3307
236.0,5523.5886
235.0,5583.5403
234.0,5885.5973
233.0,5807.3948
232.0,5656.2287
231.0,5661.8225
230.0,5529.9452
229.0,5745.0616
228.0,5593.3135
227.0,5750.7323
226.0,5544.414
225.0,5653.2418
224.0,5275.5712
223.0,5453.1164
222.0,5855.8276
221.0,5863.661
220.0,5676.9587
219.0,5897.2352
218.0,5777.2876
217.0,5800.571
216.0,5624.0517
215.0,5579.6001
214.0,5518.0197
213.0,5803.8761
212.0,5757.8462
211.0,5810.1919
210.0,5690.2023
209.0,5827.3286
208.0,5668.5808
207.0,5990.4888
206.0,5949.1204
205.0,5648.8834
204.0,5972.4563
203.0,5989.3634
202.0,5658.6594
201.0,5981.1368
200.0,6177.2028
199.0,6388.3904
198.0,6001.0301
197.0,5683.0167
196.0,5629.6768
195.0,5905.847
194.0,5849.8396
193.0,5729.0516
192.0,6078.4384
191.0,5731.243
190.0,5782.3264
189.0,5988.0933
188.0,5878.4521
187.0,5745.6372
186.0,5632.7775
185.0,6063.51
184.0,6073.0041
183.0,6005.9819
182.0,5886.2284
181.0,6253.4903
180.0,6435.0265
179.0,6700.9984
178.0,6686.9008
177.0,6666.4014
176.0,6842.43
175.0,6775.553
174.0,6397.395
173.0,6421.8371
172.0,6049.4179
171.0,6001.0216
170.0,5657.3596
169.0,5227.4564
168.0,4990.8817
167.0,5051.7246
166.0,4558.9927
165.0,4511.361
164.0,4179.1423
163.0,4011.9343
162.0,3808.217
161.0,3860.6315
160.0,4121.3764
159.0,4473.4972
158.0,5853.4604
157.0,8890.821
156.0,15711.197
155.0,20820.605
154.0,15893.844
153.0,9664.7087
152.0,6173.3466
151.0,4999.1902
150.0,4400.2204
149.0,3977.6251
148.0,3951.2631
147.0,3569.0113
146.0,3589.8057
145.0,3727.7315
144.0,3787.583
143.0,3531.2922
142.0,3576.7274
141.0,3424.9607
140.0,3365.8619
139.0,3418.2374
138.0,3375.6992
137.0,3397.4859
136.0,3492.7395
135.0,3293.1976
134.0,3241.3536
133.0,3449.9614
132.0,3556.4706
131.0,3711.0221
130.0,3592.1878
129.0,4109.9143
128.0,4189.9243
127.0,4154.4607
126.0,4223.0979
125.0,4160.9498
124.0,4206.6906
123.0,4120.5411
122.0,3783.8649
121.0,3382.6721
120.0,3205.4379
119.0,3112.0436
118.0,3001.2876
117.0,2609.0785
116.0,2468.4064
115.0,2163.8698
114.0,1752.4949
113.0,1490.2542
112.0,1491.4897
111.0,1232.8889
110.0,1102.0187
109.0,1357.9603
108.0,1329.231
107.0,1823.1144
106.0,4029.1998
105.0,14723.554
104.0,23048.511
103.0,13740.335
102.0,5457.7616
101.0,1964.8691
100.0,1284.712
99.0,1124.7777
98.0,1082.4684
97.0,935.07913
96.0,935.70102
95.0,1073.3535
94.0,1067.9946
93.0,1024.0401
92.0,900.65315
91.0,895.41439
90.0,974.21104
89.0,1049.6124
88.0,1090.681
87.0,1000.7536
86.0,886.79485
85.0,1043.5666
84.0,1133.3745
83.0,1021.8165
82.0,1060.6127
81.0,995.324
80.0,1062.3738
79.0,1101.3566
78.0,1133.5928
77.0,1123.2951
76.0,971.85456
75.0,1150.4736
74.0,1166.0685
73.0,1080.4761
72.0,1022.9605
71.0,1048.8325
70.0,1071.7802
69.0,1115.5408
68.0,1167.9434
67.0,1146.1038
66.0,1048.551
65.0,1038.1232
64.0,1202.4576
63.0,1098.6875
62.0,1190.8594
61.0,1113.7717
60.0,1133.0673
59.0,1217.9749
58.0,1109.2677
57.0,1106.715
56.0,1107.5277
55.0,1144.9766
54.0,1191.1818
53.0,1158.8529
52.0,1197.0265
51.0,1312.8604
50.0,1388.6031
49.0,1467.3056
48.0,1343.0695
47.0,1259.5899
46.0,1242.9732
45.0,1261.0768
44.0,1078.1324
43.0,1065.6573
42.0,1029.3736
41.0,963.56896
40.0,922.30119
39.0,863.12791
38.0,973.54912
37.0,908.08872
36.0,903.03131
35.0,862.55051
34.0,862.88884
33.0,961.11296
32.0,979.34607
31.0,1079.0734
30.0,1200.3233
29.0,1396.2066
28.0,2045.1985
27.0,3472.2119
26.0,3793.6265
25.0,2964.5338
24.0,1406.1615
23.0,687.95781
22.0,433.21518
21.0,345.41807
20.0,410.76054
19.0,358.36757
18.0,391.79774
17.0,498.42187
16.0,898.33006
15.0,876.70351
14.0,957.14462
13.0,962.37942
12.0,788.97246
11.0,639.39873
10.0,748.47514
9.0,948.33356
8.0,869.27848
7.0,783.13888
6.0,470.78774
5.0,172.44442
4.0,70.888365
3.0,21.704325
2.0,14.995825
1.0,8.76755
0.0,8.5206
